1323,534,1345,534,1345,567,1323,567,6
686,689,727,689,727,735,686,735,đ)
740,688,833,688,833,734,740,734,Thu,
843,688,930,688,930,733,843,733,nộp,
942,686,1037,686,1037,731,942,731,quản
1048,685,1089,685,1089,731,1048,731,lý
1101,683,1150,683,1150,720,1101,720,và
1161,683,1208,683,1208,720,1161,720,sử
1219,683,1316,683,1316,727,1219,727,dụng
1327,681,1392,681,1392,726,1327,726,phí
1404,680,1498,680,1498,725,1404,725,đăng
1510,678,1573,678,1573,724,1510,724,ký,
1585,673,1652,673,1652,723,1585,723,phí
1664,686,1758,686,1758,722,1664,722,cung
1772,666,1836,666,1836,722,1772,722,cấp
1848,675,1959,675,1959,720,1848,720,thông
1971,672,2025,672,2025,710,1971,710,tin
2041,661,2089,661,2089,711,2041,711,về
591,746,674,746,674,788,591,788,giao
686,742,768,742,768,788,686,788,dịch
776,742,847,742,847,777,776,777,bảo
859,741,942,741,942,777,859,777,đảm
950,739,1035,739,1035,777,950,777,theo
1048,749,1120,749,1120,784,1048,784,quy
1131,736,1217,736,1217,782,1131,782,định
1226,736,1295,736,1295,773,1226,773,của
1302,734,1395,734,1395,781,1302,781,pháp
1406,734,1492,734,1492,780,1406,780,luật;
689,841,725,841,725,888,689,888,e)
738,834,842,834,842,881,738,881,Quản
851,834,889,834,889,881,851,881,lý
899,833,1011,833,1011,881,899,881,thông
1021,833,1074,833,1074,868,1021,868,tin
1084,833,1178,833,1178,878,1084,878,đăng
1186,830,1235,830,1235,876,1186,876,ký
1245,837,1322,837,1322,875,1245,875,trực
1333,820,1442,820,1442,875,1333,875,tuyến
1450,827,1533,827,1533,863,1450,863,theo
1545,816,1644,816,1644,862,1545,862,thẩm
1653,813,1782,813,1782,872,1653,872,quyền;
689,930,731,930,731,977,689,977,g)
743,931,820,931,820,977,743,977,Cập
833,931,919,931,919,975,833,975,nhật
930,930,1043,930,1043,975,930,975,thông
1055,930,1108,930,1108,967,1055,967,tin
1121,911,1167,911,1167,964,1121,964,về
1180,926,1263,926,1263,969,1180,969,biện
1276,923,1370,923,1370,970,1276,970,pháp
1384,923,1454,923,1454,960,1384,960,bảo
1467,922,1552,922,1552,958,1467,958,đảm
1563,921,1634,921,1634,957,1563,957,vào
1647,920,1708,920,1708,964,1647,964,Hệ
1720,910,1830,910,1830,964,1720,964,thống
1840,918,1895,918,1895,954,1840,954,dữ
1902,916,1978,916,1978,960,1902,960,liệu
1992,907,2088,907,2088,960,1992,960,quốc
595,985,655,985,655,1032,595,1032,gia
663,981,711,981,711,1022,663,1022,về
720,983,803,983,803,1030,720,1030,biện
811,984,908,984,908,1031,811,1031,pháp
916,984,987,984,987,1019,916,1019,bảo
1000,982,1092,982,1092,1024,1000,1024,đảm;
691,1080,732,1080,732,1125,691,1125,h)
744,1081,827,1081,827,1116,744,1116,Lưu
838,1080,897,1080,897,1115,838,1115,trữ
909,1069,960,1069,960,1114,909,1114,hồ
975,1086,1034,1086,1034,1119,975,1119,sơ,
1046,1077,1095,1077,1095,1114,1046,1114,tài
1110,1076,1184,1076,1184,1119,1110,1119,liệu
1197,1066,1244,1066,1244,1111,1197,1111,về
1257,1074,1352,1074,1352,1119,1257,1119,đăng
1364,1071,1414,1071,1414,1118,1364,1118,ký
1426,1070,1513,1070,1513,1114,1426,1114,biện
1527,1069,1620,1069,1620,1117,1527,1117,pháp
1636,1069,1706,1069,1706,1105,1636,1105,bảo
1723,1067,1803,1067,1803,1105,1723,1105,đảm
1816,1066,1899,1066,1899,1103,1816,1103,theo
1914,1077,1987,1077,1987,1112,1914,1112,quy
2003,1062,2091,1062,2091,1108,2003,1108,định
596,1134,665,1134,665,1171,596,1171,của
670,1133,766,1133,766,1180,670,1180,pháp
777,1132,852,1132,852,1177,777,1177,luật
860,1122,908,1122,908,1169,860,1169,về
917,1133,981,1133,981,1167,917,1167,lưu
991,1131,1060,1131,1060,1167,991,1167,trữ.
692,1229,729,1229,729,1263,692,1263,2.
743,1227,803,1227,803,1262,743,1262,Cơ
815,1236,910,1236,910,1271,815,1271,quan
923,1225,1019,1225,1019,1269,923,1269,đăng
1031,1223,1095,1223,1095,1269,1031,1269,ký,
1108,1233,1202,1233,1202,1269,1108,1269,cung
1214,1211,1281,1211,1281,1266,1214,1266,cấp
1294,1219,1407,1219,1407,1265,1294,1265,thông
1419,1218,1473,1218,1473,1254,1419,1254,tin
1485,1208,1531,1208,1531,1254,1485,1254,về
1545,1216,1631,1216,1631,1261,1545,1261,biện
1643,1215,1740,1215,1740,1262,1643,1262,pháp
1753,1214,1821,1214,1821,1251,1753,1251,bảo
1836,1213,1917,1213,1917,1248,1836,1248,đảm
1932,1213,1979,1213,1979,1248,1932,1248,có
1992,1211,2091,1211,2091,1252,1992,1252,trách
596,1280,718,1280,718,1323,596,1323,nhiệm
726,1291,792,1291,792,1315,726,1315,sau
802,1279,882,1279,882,1324,802,1324,đây:
694,1369,732,1369,732,1415,694,1415,a)
741,1375,847,1375,847,1419,741,1419,Đăng
855,1370,906,1370,906,1419,855,1419,ký
916,1370,1025,1370,1025,1408,916,1408,chính
1034,1371,1103,1371,1103,1407,1034,1407,xác
1111,1367,1175,1367,1175,1414,1111,1414,nội
1184,1369,1282,1369,1282,1414,1184,1414,dung
1291,1356,1399,1356,1399,1414,1291,1414,phiếu
1407,1364,1480,1364,1480,1411,1407,1411,yêu
1490,1355,1558,1355,1558,1402,1490,1402,cầu
1567,1362,1664,1362,1664,1409,1567,1409,đăng
1672,1361,1734,1361,1734,1411,1672,1411,ký;
695,1467,735,1467,735,1514,695,1514,b)
748,1469,853,1469,853,1512,748,1512,Đăng
864,1466,918,1466,918,1511,864,1511,ký
929,1465,978,1465,978,1501,929,1501,và
990,1476,1084,1476,1084,1509,990,1509,cung
1097,1455,1164,1455,1164,1509,1097,1509,cấp
1176,1463,1288,1463,1288,1508,1176,1508,thông
1299,1461,1352,1461,1352,1497,1299,1497,tin
1364,1450,1411,1450,1411,1497,1364,1497,về
1423,1456,1509,1456,1509,1500,1423,1500,biện
1521,1458,1615,1458,1615,1504,1521,1504,pháp
1630,1458,1700,1458,1700,1494,1630,1494,bảo
1714,1456,1798,1456,1798,1493,1714,1493,đảm
1810,1455,1906,1455,1906,1502,1810,1502,đúng
1919,1453,1995,1453,1995,1491,1919,1491,thời
2008,1450,2094,1450,2094,1497,2008,1497,hạn,
600,1522,658,1522,658,1558,600,1558,trừ
665,1520,795,1520,795,1567,665,1567,trường
803,1520,878,1520,878,1566,803,1566,hợp
888,1511,947,1511,947,1558,888,1558,bất
958,1519,1032,1519,1032,1555,958,1555,khả
1041,1519,1169,1519,1169,1563,1041,1563,kháng;
697,1611,734,1611,734,1658,697,1658,c)
748,1614,853,1614,853,1659,748,1659,Cung
867,1605,934,1605,934,1658,867,1658,cấp
947,1613,1059,1613,1059,1658,947,1658,thông
1073,1611,1126,1611,1126,1647,1073,1647,tin
1139,1600,1188,1600,1188,1647,1139,1647,về
1198,1610,1284,1610,1284,1653,1198,1653,biện
1297,1609,1391,1609,1391,1655,1297,1655,pháp
1405,1608,1476,1608,1476,1644,1405,1644,bảo
1491,1606,1588,1606,1588,1651,1491,1651,đảm,
1600,1608,1677,1608,1677,1641,1600,1641,trao
1692,1594,1755,1594,1755,1641,1692,1641,đổi
1767,1603,1878,1603,1878,1648,1767,1648,thông
1890,1600,1944,1600,1944,1639,1890,1639,tin
1956,1592,2003,1592,2003,1638,1956,1638,về
2016,1600,2095,1600,2095,1641,2016,1641,tình
600,1674,700,1674,700,1714,600,1714,trạng
709,1667,803,1667,803,1712,709,1712,pháap
812,1667,852,1667,852,1712,812,1712,lý
865,1666,933,1666,933,1702,865,1702,của
942,1666,992,1666,992,1702,942,1702,tài
1004,1665,1069,1665,1069,1700,1004,1700,sản
1079,1664,1148,1664,1148,1700,1079,1700,bảo
1161,1662,1244,1662,1244,1699,1161,1699,đảm
1255,1661,1353,1661,1353,1708,1255,1708,đúng
1362,1662,1425,1662,1425,1698,1362,1698,với
1435,1660,1548,1660,1548,1706,1435,1706,thông
1559,1655,1612,1655,1612,1696,1559,1696,tin
1623,1658,1721,1658,1721,1701,1623,1701,được
1731,1658,1797,1658,1797,1693,1731,1693,lưu
1805,1656,1870,1656,1870,1702,1805,1702,giữ
1879,1655,1928,1655,1928,1700,1879,1700,tại
1941,1666,1989,1666,1989,1691,1941,1691,cơ
1998,1666,2095,1666,2095,1703,1998,1703,quan
601,1721,695,1721,695,1766,601,1766,đăng
702,1720,765,1720,765,1767,702,1767,ký,
695,1805,791,1805,791,1851,695,1851,Điều
807,1814,867,1814,867,1850,807,1850,11.
877,1813,951,1813,951,1850,877,1850,Phí
961,1812,1062,1812,1062,1858,961,1858,đăng
1075,1811,1140,1811,1140,1858,1075,1858,ký,
1152,1821,1249,1821,1249,1856,1152,1856,cung
1262,1800,1333,1800,1333,1854,1262,1854,cấp
1345,1809,1464,1809,1464,1853,1345,1853,thông
1477,1811,1532,1811,1532,1847,1477,1847,tin
1543,1800,1591,1800,1591,1845,1543,1845,về
1604,1805,1691,1805,1691,1851,1604,1851,biện
1705,1805,1808,1805,1808,1852,1705,1852,pháp
1822,1804,1893,1804,1893,1841,1822,1841,bảo
1903,1803,2012,1803,2012,1853,1903,1853,đảm,
2021,1792,2094,1792,2094,1850,2021,1850,cấp
602,1870,665,1870,665,1907,602,1907,mã
676,1860,721,1860,721,1904,676,1904,số
731,1869,778,1869,778,1905,731,1905,sử
789,1869,893,1869,893,1912,789,1912,dụng
905,1877,955,1877,955,1903,905,1903,cơ
964,1866,1011,1866,1011,1903,964,1903,sở
1020,1867,1080,1867,1080,1903,1020,1903,đữ
1088,1864,1163,1864,1163,1911,1088,1911,liệu
1173,1854,1221,1854,1221,1900,1173,1900,về
1231,1862,1318,1862,1318,1908,1231,1908,biện
1330,1862,1433,1862,1433,1908,1330,1908,pháp
1444,1861,1519,1861,1519,1898,1444,1898,bảo
1531,1861,1622,1861,1622,1897,1531,1897,đảm
697,1960,770,1960,770,1996,697,1996,Khi
783,1959,830,1959,830,1996,783,1996,có
842,1958,914,1958,914,2004,842,2004,yêu
928,1950,995,1950,995,1995,928,1995,cầu
1007,1957,1101,1957,1101,2003,1007,2003,đăng
1112,1956,1164,1956,1164,2003,1112,2003,ký
1175,1956,1259,1956,1259,2001,1175,2001,biện
1269,1955,1364,1955,1364,2001,1269,2001,pháp
1377,1953,1448,1953,1448,1991,1377,1991,bảo
1464,1953,1557,1953,1557,1998,1464,1998,đảm,
1569,1953,1642,1953,1642,1998,1569,1998,yêu
1655,1943,1724,1943,1724,1988,1655,1988,cầu
1736,1961,1830,1961,1830,1997,1736,1997,cung
1842,1943,1908,1943,1908,1996,1842,1996,cấp
1919,1951,2031,1951,2031,1995,1919,1995,thông
2043,1950,2095,1950,2095,1988,2043,1988,tin
603,2011,649,2011,649,2055,603,2055,về
660,2014,744,2014,744,2056,660,2056,biện
753,2012,848,2012,848,2059,753,2059,pháp
859,2012,930,2012,930,2048,859,2048,bảo
944,2012,1039,2012,1039,2061,944,2061,đãm,
1047,2011,1120,2011,1120,2056,1047,2056,yêu
1132,2001,1199,2001,1199,2047,1132,2047,cầu
1211,2002,1275,2002,1275,2054,1211,2054,cấp
1288,2008,1358,2008,1358,2045,1288,2045,bản
1371,2020,1434,2020,1434,2044,1371,2044,sao
1447,2009,1516,2009,1516,2044,1447,2044,văn
1527,2007,1600,2007,1600,2043,1527,2043,bản
1612,2007,1733,2007,1733,2051,1612,2051,chứng
1742,2004,1836,2004,1836,2048,1742,2048,nhận
1847,2005,1941,2005,1941,2049,1847,2049,đãng
1949,2002,2001,2002,2001,2048,1949,2048,ký
2011,2002,2097,2002,2097,2048,2011,2048,biện
602,2068,696,2068,696,2116,602,2116,pháp
711,2067,781,2067,781,2103,711,2103,bảo
798,2066,895,2066,895,2114,798,2114,đãm,
908,2066,980,2066,980,2111,908,2111,yêu
997,2061,1065,2061,1065,2102,997,2102,cầu
1081,2055,1147,2055,1147,2111,1081,2111,cấp
1164,2066,1224,2066,1224,2100,1164,2100,mã
1239,2051,1282,2051,1282,2100,1239,2100,số
1299,2061,1345,2061,1345,2100,1299,2100,sử
1361,2061,1458,2061,1458,2107,1361,2107,dụng
1474,2071,1522,2071,1522,2098,1474,2098,cơ
1537,2059,1584,2059,1584,2097,1537,2097,sở
1600,2059,1655,2059,1655,2097,1600,2097,dữ
1666,2060,1741,2060,1741,2108,1666,2108,liệu
1755,2048,1803,2048,1803,2095,1755,2095,về&
1818,2057,1900,2057,1900,2103,1818,2103,biện
1913,2057,2009,2057,2009,2103,1913,2103,pháp
2024,2056,2096,2056,2096,2095,2024,2095,bảo
603,2122,700,2122,700,2169,603,2169,đãm,
708,2122,761,2122,761,2158,708,2158,thì
771,2120,884,2120,884,2166,771,2166,người
895,2120,966,2120,966,2165,895,2165,yêu
978,2109,1046,2109,1046,2155,978,2155,cầu
1055,2116,1141,2116,1141,2164,1055,2164,phải
1150,2119,1222,2119,1222,2166,1150,2166,nộp
1233,2114,1297,2114,1297,2164,1233,2164,phí
1309,2115,1403,2115,1403,2161,1309,2161,đãng
1411,2113,1465,2113,1465,2162,1411,2162,ký
1475,2115,1556,2115,1556,2161,1475,2161,giao
1567,2114,1655,2114,1655,2160,1567,2160,dịch
1664,2112,1734,2112,1734,2150,1664,2150,bảo
1747,2112,1841,2112,1841,2158,1747,2158,đãm,
1849,2112,1912,2112,1912,2158,1849,2158,phí
1924,2122,2018,2122,2018,2157,1924,2157,cung
2029,2102,2095,2102,2095,2158,2029,2158,cấp
602,2175,714,2175,714,2222,602,2222,thông
724,2176,777,2176,777,2213,724,2213,tin
787,2167,834,2167,834,2211,787,2211,về
846,2173,930,2173,930,2219,846,2219,giao
943,2170,1028,2170,1028,2214,943,2214,địch
1039,2172,1109,2172,1109,2209,1039,2209,bảo
1122,2170,1216,2170,1216,2215,1122,2215,đảm,
1227,2170,1292,2170,1292,2217,1227,2217,phí
1303,2166,1370,2166,1370,2216,1303,2216,cấp
1381,2169,1454,2169,1454,2205,1381,2205,bản
1466,2179,1530,2179,1530,2205,1466,2205,sao
1542,2168,1591,2168,1591,2205,1542,2205,và
1599,2167,1665,2167,1665,2214,1599,2214,phí
1678,2156,1744,2156,1744,2214,1678,2214,cấp
1756,2167,1818,2167,1818,2203,1756,2203,mã
1827,2158,1870,2158,1870,2202,1827,2202,số
1883,2166,1928,2166,1928,2202,1883,2202,sử
1940,2165,2039,2165,2039,2212,1940,2212,dụng
2049,2176,2098,2176,2098,2201,2049,2201,cơ
605,2230,652,2230,652,2266,605,2266,sở
662,2230,712,2230,712,2266,662,2266,dữ
724,2228,797,2228,797,2272,724,2272,liệu
808,2219,855,2219,855,2264,808,2264,về
866,2225,949,2225,949,2273,866,2273,giao
963,2226,1047,2226,1047,2271,963,2271,dịch
1056,2226,1127,2226,1127,2263,1056,2263,bảo
1142,2225,1223,2225,1223,2262,1142,2262,đãm
1232,2223,1318,2223,1318,2261,1232,2261,theo
1331,2234,1403,2234,1403,2270,1331,2270,quy
1415,2222,1503,2222,1503,2266,1415,2266,định
1514,2222,1583,2222,1583,2259,1514,2259,của
1592,2220,1689,2220,1689,2269,1592,2269,pháp
1700,2220,1775,2220,1775,2265,1700,2265,luật
1786,2209,1832,2209,1832,2256,1786,2256,về
1841,2219,1904,2219,1904,2266,1841,2266,phí
1916,2219,1965,2219,1965,2256,1916,2256,và
1975,2221,2010,2221,2010,2265,1975,2265,lệ
2020,2217,2098,2217,2098,2266,2020,2266,phí,
603,2283,662,2283,662,2320,603,2320,trừ
672,2282,802,2282,802,2327,672,2327,trường
812,2281,889,2281,889,2328,812,2328,hợp
901,2280,1025,2280,1025,2327,901,2327,không
1036,2279,1120,2279,1120,2327,1036,2327,phải
1133,2280,1207,2280,1207,2325,1133,2325,nộp
1217,2275,1281,2275,1281,2325,1217,2325,phí
1296,2278,1389,2278,1389,2324,1296,2324,đãng
1400,2277,1466,2277,1466,2323,1400,2323,ký,
1476,2276,1538,2276,1538,2322,1476,2322,phí
1554,2287,1648,2287,1648,2322,1554,2322,cung
1662,2266,1728,2266,1728,2320,1662,2320,cấp
1741,2275,1852,2275,1852,2320,1741,2320,thông
1863,2273,1914,2273,1914,2309,1863,2309,tin
1926,2273,2010,2273,2010,2309,1926,2309,theo
2023,2284,2097,2284,2097,2320,2023,2320,quy
603,2336,691,2336,691,2379,603,2379,định
702,2336,769,2336,769,2372,702,2372,của
777,2335,870,2335,870,2381,777,2381,pháp
881,2333,966,2333,966,2376,881,2376,luật.
700,2415,796,2415,796,2469,700,2469,Điều
814,2431,877,2431,877,2469,814,2469,12.
892,2418,992,2418,992,2473,892,2473,Giấy
1009,2429,1056,2429,1056,2465,1009,2465,tờ
1070,2427,1197,2427,1197,2473,1070,2473,chứng
1214,2425,1320,2425,1320,2463,1214,2463,minh
1339,2425,1483,2425,1483,2472,1339,2472,trường
1500,2425,1580,2425,1580,2469,1500,2469,hợp
1598,2422,1729,2422,1729,2469,1598,2469,không
1744,2422,1834,2422,1834,2469,1744,2469,phải
1852,2422,1930,2422,1930,2468,1852,2468,nộp
1945,2422,2014,2422,2014,2467,1945,2467,phí
2030,2422,2095,2422,2095,2459,2030,2459,khi
605,2486,699,2486,699,2530,605,2530,thực
709,2482,797,2482,797,2529,709,2529,hiện
808,2484,910,2484,910,2529,808,2529,đăng
921,2482,973,2482,973,2529,921,2529,ký
983,2480,1069,2480,1069,2527,983,2527,biện
1082,2481,1184,2481,1184,2527,1082,2527,pháp
1197,2480,1270,2480,1270,2517,1197,2517,bảo
1281,2479,1371,2479,1371,2516,1281,2516,đảm
705,2579,738,2579,738,2616,705,2616,1.
751,2576,896,2576,896,2621,751,2621,Trường
905,2576,980,2576,980,2621,905,2621,hợp
996,2576,1040,2576,1040,2612,996,2612,cá
1051,2576,1159,2576,1159,2619,1051,2619,nhân,
1167,2574,1219,2574,1219,2619,1167,2619,hộ
1230,2570,1289,2570,1289,2619,1230,2619,gia
1301,2572,1389,2572,1389,2609,1301,2609,đình
1398,2570,1438,2570,1438,2609,1398,2609,1à
1449,2564,1510,2564,1510,2609,1449,2609,đổi
1521,2577,1639,2577,1639,2619,1521,2619,tượng
1648,2570,1771,2570,1771,2616,1648,2616,không
1783,2570,1864,2570,1864,2617,1783,2617,phải
1876,2571,1948,2571,1948,2615,1876,2615,nộp
1961,2570,2023,2570,2023,2616,1961,2616,phí
2034,2569,2097,2569,2097,2606,2034,2606,khi
605,2632,691,2632,691,2675,605,2675,thực
705,2628,789,2628,789,2673,705,2673,hiện
803,2631,898,2631,898,2675,803,2675,đãng
911,2630,962,2630,962,2677,911,2677,ký
976,2628,1062,2628,1062,2672,976,2672,biện
1073,2629,1168,2629,1168,2675,1073,2675,pháp
1181,2629,1251,2629,1251,2665,1181,2665,bảo
1267,2627,1352,2627,1352,2664,1267,2664,đảm
1364,2627,1448,2627,1448,2664,1364,2664,theo
1464,2638,1537,2638,1537,2673,1464,2673,quy
1552,2625,1641,2625,1641,2672,1552,2672,định
1654,2626,1723,2626,1723,2662,1654,2662,của
1736,2624,1829,2624,1829,2672,1736,2672,pháp
1843,2624,1916,2624,1916,2668,1843,2668,luật
1929,2618,1977,2618,1977,2660,1929,2660,về
1991,2624,2098,2624,2098,2661,1991,2661,chính
607,2686,692,2686,692,2722,607,2722,sách
706,2683,758,2683,758,2720,706,2720,tín
772,2684,870,2684,870,2730,772,2730,dụng
881,2685,978,2685,978,2730,881,2730,phục
993,2695,1044,2695,1044,2728,993,2728,vụ
1056,2683,1142,2683,1142,2729,1056,2729,phát
1155,2673,1244,2673,1244,2720,1155,2720,triển
1255,2682,1355,2682,1355,2727,1255,2727,nông
1366,2680,1514,2680,1514,2727,1366,2727,nghiệp,
1527,2681,1626,2681,1626,2725,1527,2725,nông
1640,2680,1741,2680,1741,2728,1640,2728,thôn,
1754,2679,1805,2679,1805,2717,1754,2717,thì
1820,2677,1931,2677,1931,2725,1820,2725,người
1946,2679,2016,2679,2016,2723,1946,2723,yêu
2031,2669,2098,2669,2098,2716,2031,2716,cầu
607,2740,701,2740,701,2784,607,2784,đăng
714,2738,764,2738,764,2784,714,2784,ký
779,2743,852,2743,852,2787,779,2787,nộp
867,2743,945,2743,945,2786,867,2786,một
959,2738,1062,2738,1062,2783,959,2783,trong
1079,2736,1143,2736,1143,2773,1079,2773,các
1158,2733,1230,2733,1230,2781,1158,2781,loại
1247,2728,1329,2728,1329,2781,1247,2781,giấy
1344,2735,1388,2735,1388,2771,1344,2771,tờ
1401,2746,1466,2746,1466,2770,1401,2770,sau
1482,2734,1552,2734,1552,2780,1482,2780,đây
1567,2725,1615,2725,1615,2770,1567,2770,để
1631,2733,1703,2733,1703,2771,1631,2771,làm
1719,2734,1787,2734,1787,2769,1719,2769,căn
1802,2733,1851,2733,1851,2769,1802,2769,cứ
1866,2731,1984,2731,1984,2778,1866,2778,chứng
1997,2733,2098,2733,2098,2769,1997,2769,minh
607,2792,713,2792,713,2838,607,2838,thuộc
725,2781,786,2781,786,2830,725,2830,đổi
795,2797,910,2797,910,2837,795,2837,tượng
919,2792,1040,2792,1040,2836,919,2836,không
1051,2791,1134,2791,1134,2836,1051,2836,phái
1144,2790,1218,2790,1218,2835,1144,2835,nộp
1225,2789,1299,2789,1299,2836,1225,2836,phí:
704,2889,741,2889,741,2934,704,2934,a)
752,2886,838,2886,838,2933,752,2933,Hợp
852,2875,950,2875,950,2931,852,2931,đồng
962,2885,1031,2885,1031,2921,962,2921,bảo
1046,2885,1127,2885,1127,2921,1046,2921,đảm
1141,2884,1232,2884,1232,2929,1141,2929,hoặc
1244,2883,1319,2883,1319,2929,1244,2929,hợp
1334,2873,1430,2873,1430,2928,1334,2928,đồng
1442,2885,1496,2885,1496,2920,1442,2920,tín
1508,2881,1605,2881,1605,2930,1508,2930,dụng
1619,2883,1666,2883,1666,2919,1619,2919,có
1678,2871,1760,2871,1760,2919,1678,2919,điều
1773,2881,1890,2881,1890,2918,1773,2918,khoản
1902,2872,1948,2872,1948,2917,1902,2917,về
1962,2880,2040,2880,2040,2923,1962,2923,việc
2055,2881,2100,2881,2100,2918,2055,2918,cá
608,2941,713,2941,713,2981,608,2981,nhân,
725,2941,776,2941,776,2985,725,2985,hộ
789,2938,851,2938,851,2985,789,2985,gia
862,2939,949,2939,949,2978,862,2978,đình
963,2949,1033,2949,1033,2985,963,2985,vay
1046,2930,1120,2930,1120,2975,1046,2975,vốn
1135,2938,1181,2938,1181,2974,1135,2974,sử
1193,2938,1289,2938,1289,2984,1193,2984,dụng
1302,2937,1372,2937,1372,2974,1302,2974,vào
1387,2936,1464,2936,1464,2980,1387,2980,một
1477,2941,1579,2941,1579,2982,1477,2982,trong
1593,2936,1659,2936,1659,2973,1593,2973,các
1671,2936,1748,2936,1748,2974,1671,2974,lĩnh
1762,2947,1833,2947,1833,2980,1762,2980,vực
1845,2936,1938,2936,1938,2980,1845,2980,phục
1953,2946,2002,2946,2002,2978,1953,2978,vụ
2012,2936,2098,2936,2098,2983,2012,2983,phát
611,2986,697,2986,697,3031,611,3031,triền
705,2993,803,2993,803,3041,705,3041,nông
812,2988,956,2988,956,3039,812,3039,nghiệp,
966,2993,1064,2993,1064,3039,966,3039,nông
1073,2992,1159,2992,1159,3028,1073,3028,thôn
1170,2990,1230,2990,1230,3034,1170,3034,(01
1244,2990,1314,2990,1314,3028,1244,3028,bản
1325,2989,1433,2989,1433,3027,1325,3027,chính
1442,2991,1534,2991,1534,3033,1442,3033,hoặc
1546,2991,1589,2991,1589,3027,1546,3027,01
1604,2991,1676,2991,1676,3027,1604,3027,bản
1687,3001,1751,3001,1751,3025,1687,3025,sao
1763,2990,1807,2990,1807,3025,1763,3025,có
1818,2988,1935,2988,1935,3034,1818,3034,chứmg
1944,2988,2055,2988,2055,3034,1944,3034,thực);
