882,252,921,252,921,289,882,289,Ký
929,251,987,251,987,282,929,282,bởi:
995,249,1078,249,1078,290,995,290,Cổng
1086,253,1190,253,1190,290,1086,290,Thông
1198,254,1241,254,1241,283,1198,283,tin
1249,253,1320,253,1320,288,1249,288,điện
1327,253,1364,253,1364,284,1327,284,tử
1370,253,1462,253,1462,284,1370,284,Chính
1473,253,1534,253,1534,290,1473,290,phủ
881,289,975,289,975,321,881,321,Email:
981,290,1501,290,1501,329,981,329,thongtinchinhphu@chinhphu.vn
880,328,925,328,925,359,880,359,Cơ
931,335,1021,335,1021,365,931,365,quan:
1028,328,1089,328,1089,359,1028,359,Văn
1098,329,1201,329,1201,367,1098,367,phòng
1212,329,1303,329,1303,359,1212,359,chính
1315,328,1377,328,1377,366,1315,366,phủ
502,374,559,374,559,398,502,398,CỔNG
563,375,633,375,633,399,563,399,THÔNG
639,377,671,377,671,398,639,398,TIN
675,371,721,371,721,404,675,404,ĐIỆN
727,372,753,372,753,399,727,399,TỬ
758,373,822,373,822,399,758,399,CHÍNH
826,375,867,375,867,400,826,400,PHỦ
879,366,949,366,949,398,879,398,Thời
958,366,1025,366,1025,404,958,404,gian
1037,367,1080,367,1080,405,1037,405,ký:
1088,366,1258,366,1258,399,1088,399,05.09.2017
1266,369,1399,369,1399,399,1266,399,08:33:58
1408,370,1516,370,1516,400,1408,400,+07:00
712,656,864,656,864,702,712,702,CHÍNH
874,659,969,659,969,703,874,703,PHỦ
1154,667,1284,667,1284,716,1154,716,CỘNG
1292,666,1397,666,1397,709,1292,709,HÒA
1405,668,1473,668,1473,708,1405,708,XÃ
1481,673,1569,673,1569,719,1481,719,HỘI
1580,668,1677,668,1677,712,1580,712,CHỦ
1687,675,1841,675,1841,715,1687,715,NGHĨA
1850,677,1958,677,1958,723,1850,723,VIỆT
1967,684,2080,684,2080,717,1967,717,NAM
1318,724,1400,724,1400,770,1318,770,Độc
1412,725,1477,725,1477,773,1412,773,lập
1486,725,1505,725,1505,766,1486,766,-
1514,727,1577,727,1577,771,1514,771,Tự
1588,729,1637,729,1637,764,1588,764,do
1647,730,1669,730,1669,775,1647,775,-
1678,730,1792,730,1792,775,1678,775,Hạnh
1803,731,1906,731,1906,778,1803,778,phúc
648,806,705,806,705,852,648,852,SỐ:
719,818,1031,818,1031,855,719,855,102/2017/NĐ-CP
1270,832,1333,832,1333,869,1270,869,Hà
1342,833,1422,833,1422,878,1342,878,Nội,
1435,834,1530,834,1530,880,1435,880,ngày
1539,836,1591,836,1591,872,1539,872,01
1600,835,1711,835,1711,883,1600,883,tháng
1722,838,1750,838,1750,873,1722,873,9
1756,839,1842,839,1842,875,1756,875,năm
1852,841,1949,841,1949,876,1852,876,2017
1195,1009,1327,1009,1327,1054,1195,1054,NGHỊ
1335,1011,1461,1011,1461,1055,1335,1055,ĐỊNH
509,1042,561,1042,561,1067,509,1067,NGT
570,1030,854,1030,854,1072,570,1072,UNGTINĐIỆNTỬCHÍNHPHU
1012,1051,1071,1051,1071,1097,1012,1097,Về
1081,1062,1182,1062,1182,1107,1081,1107,đăng
1195,1062,1243,1062,1243,1107,1195,1107,ký
1255,1062,1342,1062,1342,1108,1255,1108,biện
1353,1065,1457,1065,1457,1110,1353,1110,pháp
1469,1066,1542,1066,1542,1103,1469,1103,bảo
1553,1066,1645,1066,1645,1103,1553,1103,đảm
481,1117,508,1117,508,1156,481,1156,Đ
508,1100,534,1100,534,1155,508,1155,Ế
534,1118,558,1118,558,1154,534,1154,N
569,1097,660,1097,660,1137,569,1137,GiỜ:...
692,1107,852,1107,852,1139,692,1139,...........
567,1155,599,1155,599,1190,567,1190,Ng
599,1151,635,1151,635,1190,599,1190,àY.
637,1151,647,1151,647,1188,637,1188,.
797,1162,853,1162,853,1186,797,1186,....
676,1226,759,1226,759,1263,676,1263,Căn
766,1227,817,1227,817,1262,766,1262,cứ
823,1228,919,1228,919,1271,823,1271,Luật
922,1220,967,1220,967,1266,922,1266,tổ
975,1230,1068,1230,1068,1266,975,1266,chức
1078,1230,1192,1230,1192,1269,1078,1269,Chính
1198,1233,1281,1233,1281,1278,1198,1278,phủ
1286,1235,1384,1235,1384,1280,1286,1280,ngày
1394,1236,1442,1236,1442,1272,1394,1272,19
1454,1236,1564,1236,1564,1280,1454,1280,tháng
1573,1238,1602,1238,1602,1273,1573,1273,6
1608,1238,1692,1238,1692,1274,1608,1274,năm
1703,1240,1812,1240,1812,1280,1703,1280,2015;
675,1321,758,1321,758,1357,675,1357,Căn
766,1320,816,1320,816,1358,766,1358,cứ
822,1321,880,1321,880,1364,822,1364,Bộ
888,1321,967,1321,967,1366,888,1366,luật
975,1323,1051,1323,1051,1359,975,1359,dân
1057,1336,1108,1336,1108,1366,1057,1366,sự
1114,1326,1210,1326,1210,1370,1114,1370,ngày
1217,1327,1268,1327,1268,1363,1217,1363,24
1278,1327,1391,1327,1391,1374,1278,1374,tháng
1400,1330,1445,1330,1445,1365,1400,1365,11
1457,1330,1539,1330,1539,1366,1457,1366,năm
1550,1331,1662,1331,1662,1374,1550,1374,2015;
673,1412,756,1412,756,1450,673,1450,Căn
765,1412,815,1412,815,1450,765,1450,cứ
820,1415,879,1415,879,1457,820,1457,Bộ
887,1415,966,1415,966,1459,887,1459,luật
973,1417,1073,1417,1073,1464,973,1464,hàng
1080,1417,1144,1417,1144,1455,1080,1455,hải
1156,1419,1233,1419,1233,1465,1156,1465,Việt
1238,1420,1331,1420,1331,1456,1238,1456,Nam
1342,1422,1438,1422,1438,1467,1342,1467,ngày
1446,1424,1497,1424,1497,1459,1446,1459,25
1507,1424,1620,1424,1620,1469,1507,1469,tháng
1629,1426,1674,1426,1674,1461,1629,1461,11
1687,1427,1772,1427,1772,1464,1687,1464,năm
1781,1427,1889,1427,1889,1469,1781,1469,2015;
671,1508,753,1508,753,1545,671,1545,Căn
763,1510,814,1510,814,1544,763,1544,cứ
819,1511,911,1511,911,1553,819,1553,Luật
920,1502,986,1502,986,1547,920,1547,đất
993,1511,1057,1511,1057,1548,993,1548,đai
1066,1513,1160,1513,1160,1558,1066,1558,ngày
1169,1514,1220,1514,1220,1549,1169,1549,29
1230,1514,1342,1514,1342,1561,1230,1561,tháng
1350,1516,1397,1516,1397,1552,1350,1552,11
1409,1517,1490,1517,1490,1553,1409,1553,năm
1501,1519,1612,1519,1612,1561,1501,1561,2013;
669,1602,752,1602,752,1639,669,1639,Căn
760,1604,813,1604,813,1640,760,1640,cứ
819,1603,911,1603,911,1647,819,1647,Luật
919,1605,994,1605,994,1641,919,1641,nhà
1003,1605,1033,1605,1033,1641,1003,1641,ở
1040,1606,1133,1606,1133,1653,1040,1653,ngày
1143,1608,1192,1608,1192,1642,1143,1642,25
1203,1608,1314,1608,1314,1655,1203,1655,tháng
1323,1610,1369,1610,1369,1645,1323,1645,11
1381,1611,1466,1611,1466,1645,1381,1645,năm
1476,1611,1584,1611,1584,1653,1476,1653,2014;
669,1695,749,1695,749,1731,669,1731,Căn
762,1696,814,1696,814,1731,762,1731,cứ
820,1697,912,1697,912,1738,820,1738,Luật
921,1697,1022,1697,1022,1744,921,1744,hàng
1031,1698,1150,1698,1150,1745,1031,1745,không
1161,1702,1232,1702,1232,1736,1161,1736,dân
1244,1702,1344,1702,1344,1747,1244,1747,dụng
1356,1704,1435,1704,1435,1746,1356,1746,Việt
1441,1705,1535,1705,1535,1741,1441,1741,Nam
1546,1705,1643,1705,1643,1750,1546,1750,ngày
1654,1707,1703,1707,1703,1741,1654,1741,29
1716,1706,1829,1706,1829,1752,1716,1752,tháng
1838,1709,1866,1709,1866,1745,1838,1745,6
1873,1712,1959,1712,1959,1745,1873,1745,năm
1969,1711,2067,1711,2067,1747,1969,1747,2006
568,1747,616,1747,616,1784,568,1784,và
628,1748,716,1748,716,1790,628,1790,Luật
726,1748,797,1748,797,1785,726,1785,sửa
808,1740,876,1740,876,1796,808,1796,đổi,
892,1741,942,1741,942,1786,892,1786,bổ
953,1762,1045,1762,1045,1797,953,1797,sung
1055,1753,1127,1753,1127,1795,1055,1795,một
1137,1744,1184,1744,1184,1789,1137,1789,số
1192,1745,1273,1745,1273,1791,1192,1791,điều
1287,1755,1354,1755,1354,1791,1287,1791,của
1366,1757,1455,1757,1455,1800,1366,1800,Luật
1466,1757,1563,1757,1563,1802,1466,1802,hàng
1571,1758,1690,1758,1690,1804,1571,1804,không
1699,1759,1773,1759,1773,1796,1699,1796,dân
1783,1759,1879,1759,1879,1807,1783,1807,dụng
1891,1762,1966,1762,1966,1806,1891,1806,Việt
1973,1764,2067,1764,2067,1803,1973,1803,Nam
568,1800,664,1800,664,1847,568,1847,ngày
675,1802,721,1802,721,1837,675,1837,11
734,1801,845,1801,845,1848,734,1848,tháng
858,1803,902,1803,902,1839,858,1839,12
913,1807,997,1807,997,1841,913,1841,năm
1008,1807,1117,1807,1117,1847,1008,1847,2014;
665,1897,746,1897,746,1932,665,1932,Căn
756,1898,808,1898,808,1933,756,1933,cứ
812,1898,905,1898,905,1942,812,1942,Luật
914,1898,987,1898,987,1935,914,1935,bảo
998,1900,1044,1900,1044,1944,998,1944,vệ
1053,1900,1098,1900,1098,1936,1053,1936,và
1103,1900,1197,1900,1197,1945,1103,1945,phát
1205,1892,1297,1892,1297,1938,1205,1938,triển
1305,1903,1402,1903,1402,1949,1305,1949,rừmg
1410,1904,1504,1904,1504,1951,1410,1951,ngày
1515,1907,1563,1907,1563,1942,1515,1942,03
1575,1905,1686,1905,1686,1953,1575,1953,tháng
1698,1908,1744,1908,1744,1944,1698,1944,12
1755,1910,1838,1910,1838,1945,1755,1945,năm
1847,1909,1955,1909,1955,1949,1847,1949,2004;
664,1991,759,1991,759,2027,664,2027,Theo
770,1981,820,1981,820,2027,770,2027,đề
826,1992,914,1992,914,2038,826,2038,nghị
923,1992,995,1992,995,2030,923,2030,của
1002,1995,1059,1995,1059,2038,1002,2038,Bộ
1070,1995,1202,1995,1202,2042,1070,2042,trưởng
1209,1997,1267,1997,1267,2040,1209,2040,Bộ
1277,1997,1330,1997,1330,2033,1277,2033,Tư
1334,1999,1450,1999,1450,2044,1334,2044,pháp;
662,2083,781,2083,781,2120,662,2120,Chính
783,2086,869,2086,869,2130,783,2130,phủ
873,2087,949,2087,949,2123,873,2123,ban
954,2087,1055,2087,1055,2124,954,2124,hành
1062,2088,1158,2088,1158,2133,1062,2133,Nghị
1167,2089,1253,2089,1253,2132,1167,2132,định
1259,2080,1309,2080,1309,2125,1259,2125,về
1316,2091,1418,2091,1418,2136,1316,2136,đăng
1423,2090,1475,2090,1475,2137,1423,2137,ký
1477,2093,1560,2093,1560,2135,1477,2135,biện
1568,2094,1671,2094,1671,2138,1568,2138,pháp
1681,2094,1755,2094,1755,2131,1681,2131,bảo
1764,2095,1859,2095,1859,2134,1764,2134,đảm.
1220,2184,1375,2184,1375,2226,1220,2226,Chương
1384,2185,1402,2185,1402,2218,1384,2218,I
1020,2223,1188,2223,1188,2266,1020,2266,NHỮNG
1200,2233,1298,2233,1298,2273,1200,2273,QUY
1306,2233,1425,2233,1425,2275,1306,2275,ĐỊNH
1434,2236,1597,2236,1597,2270,1434,2270,CHUNG
657,2308,755,2308,755,2356,657,2356,Điều
767,2319,802,2319,802,2358,767,2358,1.
812,2320,933,2320,933,2364,812,2364,Phạm
943,2323,983,2323,983,2358,943,2358,vi
994,2312,1080,2312,1080,2358,994,2358,điều
1093,2323,1204,2323,1204,2359,1093,2359,chỉnh
679,2414,697,2414,697,2429,679,2429,T
655,2412,754,2412,754,2459,655,2459,Nghị
769,2412,855,2412,855,2461,769,2461,định
869,2413,941,2413,941,2461,869,2461,này
956,2426,1031,2426,1031,2462,956,2462,quy
1045,2414,1132,2414,1132,2458,1045,2458,định
1145,2417,1209,2417,1209,2454,1145,2454,thủ
1222,2422,1281,2422,1281,2462,1222,2462,tục
1300,2419,1392,2419,1392,2466,1300,2466,đăng
1405,2419,1458,2419,1458,2467,1405,2467,ký
1473,2419,1557,2419,1557,2464,1473,2464,biện
1570,2420,1666,2420,1666,2468,1570,2468,pháp
1683,2423,1752,2423,1752,2461,1683,2461,bảo
1769,2423,1864,2423,1864,2472,1769,2472,đảm,
1879,2437,1971,2437,1971,2473,1879,2473,cung
1987,2415,2053,2415,2053,2473,1987,2473,cấp
557,2466,669,2466,669,2512,557,2512,thông
683,2466,736,2466,736,2505,683,2505,tin
749,2459,795,2459,795,2503,749,2503,về
809,2467,892,2467,892,2512,809,2512,biện
905,2469,1002,2469,1002,2516,905,2516,pháp
1016,2470,1086,2470,1086,2507,1016,2507,bảo
1101,2471,1183,2471,1183,2508,1101,2508,đảm
1195,2465,1290,2465,1290,2519,1195,2519,bằng
1303,2473,1353,2473,1353,2509,1303,2509,tài
1369,2475,1434,2475,1434,2511,1369,2511,sản
1448,2480,1529,2480,1529,2525,1448,2525,(sau
1542,2475,1612,2475,1612,2520,1542,2520,đây
1627,2476,1690,2476,1690,2522,1627,2522,gọi
1705,2478,1822,2478,1822,2523,1705,2523,chung
1836,2480,1873,2480,1873,2519,1836,2519,là
1886,2479,1978,2479,1978,2525,1886,2525,đăng
1991,2480,2055,2480,2055,2528,1991,2528,ký,
558,2532,653,2532,653,2566,558,2566,cung
665,2511,732,2511,732,2568,665,2568,cấp
744,2522,854,2522,854,2567,744,2567,thông
866,2522,918,2522,918,2559,866,2559,tin
930,2513,979,2513,979,2560,930,2560,về
988,2521,1071,2521,1071,2565,988,2565,biện
1084,2525,1177,2525,1177,2572,1084,2572,pháp
1188,2525,1258,2525,1258,2563,1188,2563,bảo
1271,2528,1380,2528,1380,2577,1271,2577,đảm);
1397,2529,1490,2529,1490,2574,1397,2574,quản
1502,2527,1541,2527,1541,2575,1502,2575,lý
1552,2530,1625,2530,1625,2566,1552,2566,nhà
1635,2530,1733,2530,1733,2567,1635,2567,nước
1745,2523,1794,2523,1794,2569,1745,2569,về
1805,2531,1897,2531,1897,2580,1805,2580,đăng
1908,2534,1957,2534,1957,2581,1908,2581,ký
1970,2533,2053,2533,2053,2578,1970,2578,biện
556,2575,652,2575,652,2622,556,2622,pháp
662,2575,732,2575,732,2611,662,2611,bảo
743,2570,838,2570,838,2611,743,2611,đảm.
652,2659,748,2659,748,2708,652,2708,Điều
759,2667,798,2667,798,2708,759,2708,2.
808,2662,880,2662,880,2709,808,2709,Đối
891,2678,1014,2678,1014,2720,891,2720,tượng
1025,2675,1076,2675,1076,2720,1025,2720,áp
1088,2675,1190,2675,1190,2722,1088,2722,dụng
655,2769,689,2769,689,2805,655,2805,1.
703,2766,759,2766,759,2802,703,2802,Cá
768,2766,877,2766,877,2816,768,2816,nhân,
888,2767,982,2767,982,2814,888,2814,pháp
995,2769,1090,2769,1090,2805,995,2805,nhân
1103,2770,1148,2770,1148,2806,1103,2806,có
1159,2770,1231,2770,1231,2817,1159,2817,yêu
1244,2761,1311,2761,1311,2807,1244,2807,cầu
1325,2772,1420,2772,1420,2818,1325,2818,đăng
1430,2772,1481,2772,1481,2819,1430,2819,ký
1493,2771,1577,2771,1577,2822,1493,2822,biện
1589,2773,1686,2773,1686,2820,1589,2820,pháp
1698,2775,1767,2775,1767,2812,1698,2812,bảo
1782,2777,1878,2777,1878,2823,1782,2823,đảm,
1889,2780,1952,2780,1952,2817,1889,2817,tìm
1965,2769,2048,2769,2048,2817,1965,2817,hiểu
554,2820,666,2820,666,2866,554,2866,thông
674,2822,729,2822,729,2858,674,2858,tin
738,2810,784,2810,784,2856,738,2856,về
795,2821,877,2821,877,2865,795,2865,biện
887,2822,982,2822,982,2869,887,2869,pháp
992,2823,1062,2823,1062,2859,992,2859,bảo
1074,2819,1167,2819,1167,2859,1074,2859,đảm.
648,2916,708,2916,708,2958,648,2958,Hộ
722,2916,780,2916,780,2960,722,2960,gia
791,2914,878,2914,878,2952,791,2952,đình
888,2916,933,2916,933,2954,888,2954,có
943,2917,1014,2917,1014,2962,943,2962,yêu
1025,2907,1092,2907,1092,2954,1025,2954,cầu
1103,2918,1196,2918,1196,2964,1103,2964,đăng
1205,2919,1254,2919,1254,2965,1205,2965,ký
1266,2919,1349,2919,1349,2963,1266,2963,biện
1358,2920,1453,2920,1453,2967,1358,2967,pháp
1463,2921,1533,2921,1533,2957,1463,2957,bảo
1545,2922,1642,2922,1642,2969,1545,2969,đảm,
1650,2920,1715,2920,1715,2959,1650,2959,tìm
1725,2916,1811,2916,1811,2960,1725,2960,hiểu
1820,2925,1930,2925,1930,2971,1820,2971,thông
1938,2929,1990,2929,1990,2964,1938,2964,tin
2001,2920,2046,2920,2046,2964,2001,2964,về
553,2968,638,2968,638,3012,553,3012,biện
644,2967,741,2967,741,3013,644,3013,pháp
751,2969,821,2969,821,3006,751,3006,bảo
833,2969,916,2969,916,3006,833,3006,đảm
924,2970,1009,2970,1009,3007,924,3007,theo
1021,2982,1091,2982,1091,3016,1021,3016,quy
1105,2972,1188,2972,1188,3019,1105,3019,định
1199,2975,1266,2975,1266,3009,1199,3009,của
1277,2975,1333,2975,1333,3018,1277,3018,Bộ
1345,2974,1420,2974,1420,3018,1345,3018,luật
1429,2976,1498,2976,1498,3011,1429,3011,dân
1509,2978,1565,2978,1565,3019,1509,3019,sự.
