203,452,322,452,322,495,203,495,TRẮC
333,457,514,457,514,503,333,503,NGHIỆM
525,451,625,451,625,496,525,496,TÂM
634,452,697,452,697,495,634,495,LÝ
1284,463,1364,463,1364,497,1284,497,trình
1371,465,1436,465,1436,497,1371,497,như
1445,458,1498,458,1498,498,1445,498,thế
1505,463,1633,463,1633,506,1505,506,không).
1649,466,1716,466,1716,505,1649,505,Phụ
1723,466,1825,466,1825,508,1723,508,huynh
1834,467,1874,467,1874,499,1834,499,có
1883,458,1984,458,1984,508,1883,508,quyền
1991,462,2080,462,2080,501,1991,501,kiểm
2087,473,2133,473,2133,500,2087,500,tra
2139,458,2184,458,2184,500,2139,500,tất
210,509,276,509,276,548,210,548,Phụ
284,509,386,509,386,549,284,549,huynh
393,509,455,509,455,552,393,552,hay
463,510,561,510,561,551,463,551,người
568,509,652,509,652,551,568,551,giám
659,510,702,510,702,549,659,549,hộ
711,511,749,511,749,543,711,543,có
759,502,859,502,859,552,759,552,quyền
868,503,931,503,931,544,868,544,biết
938,511,1043,511,1043,553,938,553,những
1053,513,1095,513,1095,545,1053,545,tin
1286,511,1325,511,1325,543,1286,543,cả
1333,511,1388,511,1388,544,1333,544,các
1396,511,1439,511,1439,544,1396,544,tài
1448,512,1510,512,1510,549,1448,549,liệu
1519,511,1610,511,1610,553,1519,553,giảng
1620,512,1688,512,1688,554,1620,554,dạy,
1696,512,1756,512,1756,545,1696,545,bao
1764,504,1837,504,1837,553,1764,553,gồm
1845,513,1888,513,1888,545,1845,545,tài
1897,512,1959,512,1959,553,1897,553,liệu
1967,514,2064,514,2064,555,1967,555,giảng
2074,514,2133,514,2133,555,2074,555,dạy
2142,515,2200,515,2200,547,2142,547,của
202,556,256,556,256,589,202,589,tức
264,547,303,547,303,590,264,590,về
311,556,380,556,380,595,311,595,việc
387,549,473,549,473,589,387,589,kiểm
479,560,523,560,523,589,479,589,tra
531,557,597,557,597,589,531,589,tâm
604,557,637,557,637,597,604,597,lý
644,558,698,558,698,590,644,590,mà
705,559,815,559,815,598,705,598,trường
823,558,898,558,898,597,823,597,thực
907,558,977,558,977,598,907,598,hiện
986,558,1044,558,1044,591,986,591,cho
1053,569,1113,569,1113,591,1053,591,con
1286,557,1356,557,1356,598,1286,598,giáo
1366,558,1448,558,1448,598,1366,598,viên,
1456,558,1542,558,1542,599,1456,599,phim
1549,559,1620,559,1620,598,1549,598,ảnh,
1629,559,1708,559,1708,600,1629,600,băng
1716,559,1787,559,1787,592,1716,592,thâu
1796,560,1855,560,1855,600,1796,600,hay
1864,558,1905,558,1905,592,1864,592,tài
1914,559,1977,559,1977,598,1914,598,liệu
1986,554,2031,554,2031,593,1986,593,bổ
2041,571,2120,571,2120,602,2041,602,sung
2128,561,2205,561,2205,595,2128,595,khác
202,603,256,603,256,644,202,644,quí
264,602,299,602,299,641,264,641,vị
305,604,345,604,345,637,305,637,và
353,604,392,604,392,637,353,637,có
401,597,502,597,502,645,401,645,quyền
510,605,546,605,546,636,510,636,từ
554,594,625,594,625,637,554,637,chối
634,603,703,603,703,643,634,643,việc
713,604,771,604,771,636,713,636,cho
780,604,860,604,860,646,780,646,phép
870,597,953,597,953,640,870,640,kiểm
959,610,1015,610,1015,641,959,641,tra.
1035,604,1127,604,1127,645,1035,645,(Luật
1286,604,1368,604,1368,643,1286,643,được
1378,605,1418,605,1418,636,1378,636,sử
1425,605,1508,605,1508,645,1425,645,dụng
1519,605,1579,605,1579,640,1519,640,liên
1589,615,1668,615,1668,647,1589,647,quan
1677,598,1736,598,1736,639,1677,639,đến
1744,598,1796,598,1796,640,1744,640,bất
1803,606,1847,606,1847,647,1803,647,kỳ
1854,597,1914,597,1914,639,1854,639,đến
1922,604,1991,604,1991,643,1922,643,việc
2000,608,2086,608,2086,641,2000,641,khảo
2095,608,2152,608,2152,648,2095,648,sát,
202,650,271,650,271,690,202,690,giáo
282,649,342,649,342,688,282,688,dục
350,643,388,643,388,683,350,683,số
397,652,435,652,435,683,397,683,51
440,647,511,647,511,688,440,688,101)
1284,650,1366,650,1366,692,1284,692,phân
1374,652,1436,652,1436,684,1374,684,tích
1444,652,1506,652,1506,692,1444,692,hay
1514,652,1595,652,1595,685,1514,685,đánh
1603,653,1655,653,1655,693,1603,693,giá
1662,654,1722,654,1722,686,1662,686,nào
1730,653,1818,653,1818,686,1730,686,khác.
1836,654,1901,654,1901,692,1836,692,phụ
1909,653,2014,653,2014,695,1909,695,huynh
2024,656,2065,656,2065,687,2024,687,có
2076,647,2177,647,2177,696,2076,696,quyền
1286,689,1367,689,1367,740,1286,740,đồng
1374,699,1399,699,1399,738,1374,738,ý
1408,691,1448,691,1448,731,1408,731,để
1455,698,1529,698,1529,738,1455,738,thực
1536,698,1609,698,1609,739,1536,739,hiện
1618,698,1686,698,1686,739,1618,739,việc
1695,695,1776,695,1776,734,1695,734,kiểm
1782,705,1839,705,1839,744,1782,744,tra,
1847,700,1908,700,1908,733,1847,733,bản
1916,701,1974,701,1974,734,1916,734,câu
1981,702,2052,702,2052,744,1981,744,hỏi,
2059,703,2120,703,2120,734,2059,734,bản
2129,703,2207,703,2207,736,2129,736,khảo
202,725,367,725,367,780,202,780,QUYỀN
378,724,533,724,533,772,378,772,RIÊNG
543,732,614,732,614,771,543,771,TƯ
622,726,725,726,725,773,622,773,CỦA
733,736,841,736,841,782,733,782,HỌC
852,738,966,738,966,773,852,773,SINH
977,728,1044,728,1044,773,977,773,VÀ
1284,744,1332,744,1332,778,1284,778,sát
1340,745,1399,745,1399,786,1340,786,hay
1407,737,1492,737,1492,778,1407,778,thẩm
1500,738,1560,738,1560,778,1500,778,vấn
1568,747,1634,747,1634,779,1568,779,như
1642,747,1711,747,1711,787,1642,787,vậy.
1730,745,1784,745,1784,788,1730,788,(20
1792,747,1903,747,1903,781,1792,781,U.S.C.
1912,741,1950,741,1950,780,1912,780,số
1963,749,2066,749,2066,781,1963,781,1232h
2075,747,2122,747,2122,788,2075,788,(a)
2131,751,2170,751,2170,782,2131,782,và
202,789,289,789,289,825,202,825,GIA
297,779,420,779,420,825,297,825,ĐÌNH
1286,792,1345,792,1345,836,1286,836,(b))
201,839,302,839,302,873,201,873,Chính
310,841,382,841,382,873,310,873,sách
392,841,451,841,451,873,392,873,của
457,841,516,841,516,880,457,880,học
525,841,589,841,589,873,525,873,khu
597,841,629,841,629,873,597,873,là
635,842,741,842,741,881,635,881,những
751,842,795,842,795,875,751,875,tin
802,842,855,842,855,875,802,875,tức
866,842,903,842,903,874,866,874,cá
911,842,990,842,990,874,911,874,nhân
1000,843,1061,843,1061,876,1000,876,liên
1285,870,1463,870,1463,919,1285,919,KHÔNG
1471,873,1573,873,1573,919,1471,919,HÚT
1586,873,1754,873,1754,919,1586,919,THUỐC
1766,873,1833,873,1833,920,1766,920,LÁ
1842,874,1880,874,1880,920,1842,920,Ở
1889,873,2102,873,2102,925,1889,925,TRƯỜNG
201,897,280,897,280,927,201,927,quan
288,888,334,888,334,921,288,921,tới
342,887,402,887,402,926,342,926,học
411,887,481,887,481,921,411,921,sinh
489,888,530,888,530,920,489,920,và
537,888,589,888,589,927,537,927,gia
598,888,670,888,670,921,598,921,đình
679,881,738,881,738,920,679,920,cần
744,888,818,888,818,929,744,929,phải
826,890,880,890,880,930,826,930,giữ
890,888,943,888,943,921,890,921,kín
952,881,1040,881,1040,922,952,922,chiếu
1047,890,1119,890,1119,922,1047,922,theo
1283,928,1335,928,1335,974,1283,974,Ủy
1343,933,1402,933,1402,965,1343,965,ban
1411,934,1502,934,1502,974,1411,974,Quản
1510,935,1562,935,1562,975,1510,975,Trị
1570,936,1638,936,1638,974,1570,974,Học
1647,935,1718,935,1718,967,1647,967,Khu
1727,936,1919,936,1919,969,1727,969,Sacramento
1926,937,2009,937,2009,976,1926,976,ngăn
2018,930,2090,930,2090,970,2018,970,cấm
2099,935,2166,935,2166,973,2099,973,việc
201,932,272,932,272,974,201,974,luật.
289,934,379,934,379,967,289,967,Nhân
388,933,459,933,459,967,388,967,viên
468,935,527,935,527,974,468,974,học
536,935,599,935,599,967,536,967,khu
608,935,641,935,641,976,608,976,bị
649,927,719,927,719,968,649,968,cấm
724,935,831,935,831,976,724,976,không
840,936,922,936,922,975,840,975,được
930,936,1002,936,1002,976,930,976,thực
1012,936,1082,936,1082,976,1012,976,hiện
1282,979,1337,979,1337,1013,1282,1013,hút
1344,971,1436,971,1436,1013,1344,1013,thuốc
1447,981,1478,981,1478,1014,1447,1014,là
1484,981,1509,981,1509,1014,1484,1014,ở
1516,974,1570,974,1570,1014,1516,1014,bất
1577,981,1619,981,1619,1023,1577,1023,kỳ
1627,982,1678,982,1678,1016,1627,1016,lúc
1685,982,1745,982,1745,1014,1685,1014,nào
1753,986,1841,986,1841,1023,1753,1023,trong
1848,984,1971,984,1971,1023,1848,1023,trường.
1988,981,2072,981,2072,1020,1988,1020,Việc
2079,984,2160,984,2160,1025,2079,1025,ngăn
198,980,258,980,258,1021,198,1021,hay
267,980,347,980,347,1021,267,1021,phân
355,980,430,980,430,1021,355,1021,phát
435,980,541,980,541,1022,435,1022,những
548,981,632,981,632,1022,548,1022,dụng
641,991,680,991,680,1021,641,1021,cụ
688,981,769,981,769,1014,688,1014,khảo
778,981,826,981,826,1014,778,1014,sát
834,982,894,982,894,1016,834,1016,cho
903,984,957,984,957,1015,903,1015,các
966,984,1025,984,1025,1022,966,1022,học
1035,985,1103,985,1103,1016,1035,1016,sinh
1283,1019,1353,1019,1353,1059,1283,1059,cấm
1358,1027,1420,1027,1420,1068,1358,1068,này
1429,1029,1468,1029,1468,1068,1429,1068,áp
1478,1027,1560,1027,1560,1069,1478,1069,dụng
1569,1028,1629,1028,1629,1061,1569,1061,cho
1636,1020,1680,1020,1680,1060,1636,1060,tất
1688,1030,1726,1030,1726,1062,1688,1062,cả
1734,1030,1789,1030,1789,1062,1734,1062,các
1797,1029,1880,1029,1880,1063,1797,1063,nhân
1887,1029,1959,1029,1959,1063,1887,1063,viên
1966,1030,2092,1030,2092,1071,1966,1071,trường,
2099,1032,2160,1032,2160,1070,2099,1070,học
200,1029,253,1029,253,1060,200,1060,với
259,1037,333,1037,333,1066,259,1066,mục
341,1027,411,1027,411,1061,341,1061,đích
420,1027,475,1027,475,1061,420,1061,thu
481,1029,553,1029,553,1069,481,1069,thập
561,1029,608,1029,608,1061,561,1061,tin
614,1030,669,1030,669,1062,614,1062,tức
677,1030,716,1030,716,1062,677,1062,cá
722,1029,804,1029,804,1062,722,1062,nhân
813,1022,854,1022,854,1062,813,1062,để
859,1022,923,1022,923,1070,859,1070,tiếp
932,1031,977,1031,977,1069,932,1069,thị
985,1032,1062,1032,1062,1069,985,1069,hoặc
200,1075,257,1075,257,1108,200,1108,bán
267,1074,310,1074,310,1108,267,1108,tin
319,1077,373,1077,373,1108,319,1108,tức
381,1076,433,1076,433,1109,381,1109,đó.
451,1067,511,1067,511,1110,451,1110,Bất
518,1077,560,1077,560,1108,518,1108,cứ
568,1077,612,1077,612,1110,568,1110,tin
620,1076,674,1076,674,1109,620,1109,tức
682,1076,722,1076,722,1109,682,1109,cá
727,1076,809,1076,809,1109,727,1109,nhân
818,1078,877,1078,877,1109,818,1109,nào
887,1077,969,1077,969,1116,887,1116,được
978,1069,1032,1069,1032,1110,978,1110,tiết
1041,1078,1073,1078,1073,1116,1041,1116,lộ
1283,1073,1352,1073,1352,1107,1283,1107,sinh
1359,1075,1400,1075,1400,1107,1359,1107,và
1408,1085,1489,1085,1489,1116,1408,1116,quan
1498,1076,1597,1076,1597,1108,1498,1108,khách
1604,1081,1691,1081,1691,1116,1604,1116,trong
1700,1067,1753,1067,1753,1110,1700,1110,bất
1759,1077,1801,1077,1801,1109,1759,1109,cứ
1809,1077,1882,1077,1882,1116,1809,1116,hoạt
1890,1077,1973,1077,1973,1119,1890,1119,động
1979,1078,2044,1078,2044,1110,1979,1110,nào
2052,1078,2133,1078,2133,1119,2052,1119,hoặc
2139,1080,2181,1080,2181,1118,2139,1118,tại
199,1121,253,1121,253,1154,199,1154,bởi
260,1121,326,1121,326,1159,260,1159,một
333,1121,393,1121,393,1160,333,1160,học
403,1121,471,1121,471,1155,403,1155,sinh
479,1123,516,1123,516,1155,479,1155,từ
526,1122,564,1122,564,1155,526,1155,12
573,1114,639,1114,639,1155,573,1155,tuổi
646,1123,696,1123,696,1155,646,1155,trở
704,1122,766,1122,766,1165,704,1165,lên,
774,1122,834,1122,834,1164,774,1164,hay
843,1122,898,1122,898,1156,843,1156,bởi
905,1124,970,1124,970,1163,905,1163,một
978,1124,1041,1124,1041,1164,978,1164,phụ
1284,1120,1336,1120,1336,1153,1284,1153,các
1346,1119,1426,1119,1426,1158,1346,1158,cuộn
1435,1121,1521,1121,1521,1154,1435,1154,tranh
1529,1122,1570,1122,1570,1156,1529,1156,tài
1579,1116,1633,1116,1633,1155,1579,1155,thể
1638,1123,1720,1123,1720,1157,1638,1157,thao.
1738,1123,1803,1123,1803,1155,1738,1155,Các
1811,1122,1871,1122,1871,1162,1811,1162,học
1880,1122,1950,1122,1950,1156,1880,1156,sinh
1958,1123,2064,1123,2064,1166,1958,1166,không
2074,1124,2156,1124,2156,1164,2074,1164,được
1281,1167,1362,1167,1362,1209,1281,1209,phép
1370,1168,1425,1168,1425,1201,1370,1201,hút
1432,1160,1525,1160,1525,1202,1432,1202,thuốc
1534,1168,1576,1168,1576,1209,1534,1209,lá,
1582,1168,1654,1168,1654,1202,1582,1202,nhai
1662,1169,1723,1169,1723,1210,1662,1210,hay
1730,1171,1770,1171,1770,1202,1730,1202,sở
1777,1170,1843,1170,1843,1203,1777,1203,hữu
1851,1170,1905,1170,1905,1203,1851,1203,các
1915,1171,1970,1171,1970,1203,1915,1203,sản
1979,1165,2075,1165,2075,1211,1979,1211,phẩm
2084,1166,2174,1166,2174,1207,2084,1207,thuốc
2183,1172,2213,1172,2213,1205,2183,1205,lá
198,1168,300,1168,300,1209,198,1209,huynh
308,1169,386,1169,386,1206,308,1206,hoặc
395,1169,491,1169,491,1210,395,1210,người
500,1168,584,1168,584,1210,500,1210,giám
591,1165,634,1165,634,1202,591,1202,hộ
642,1170,702,1170,702,1203,642,1203,của
708,1169,769,1169,769,1209,708,1209,học
778,1169,848,1169,848,1203,778,1203,sinh
855,1171,892,1171,892,1203,855,1203,từ
903,1172,941,1172,941,1203,903,1203,12
948,1163,1013,1163,1013,1204,948,1204,tuổi
1021,1173,1069,1173,1069,1205,1021,1205,trở
199,1215,248,1215,248,1249,199,1249,lên
256,1221,344,1221,344,1256,256,1256,trong
352,1215,405,1215,405,1248,352,1248,khi
412,1215,497,1215,497,1250,412,1250,tham
503,1216,585,1216,585,1248,503,1248,khảo
594,1216,648,1216,648,1249,594,1249,với
656,1215,690,1215,690,1255,656,1255,vị
698,1210,738,1210,738,1249,698,1249,cố
746,1208,807,1208,807,1249,746,1249,vấn
816,1218,888,1218,888,1257,816,1257,giáo
897,1218,956,1218,956,1256,897,1256,dục
965,1219,1085,1219,1085,1259,965,1259,trường,
1281,1214,1341,1214,1341,1255,1281,1255,hay
1351,1214,1431,1214,1431,1247,1351,1247,chứa
1440,1215,1523,1215,1523,1256,1440,1256,đựng
1533,1210,1603,1210,1603,1249,1533,1249,chất
1610,1218,1741,1218,1741,1252,1610,1252,nicotine
1748,1218,1813,1218,1813,1252,1748,1252,trên
1822,1216,1876,1216,1876,1255,1822,1255,địa
1882,1218,1942,1218,1942,1250,1882,1250,bàn
1951,1218,2031,1218,2031,1256,1951,1256,hoặc
2041,1228,2084,1228,2084,1252,2041,1252,cơ
2092,1219,2130,1219,2130,1252,2092,1252,sở
198,1255,255,1255,255,1296,198,1296,cần
263,1263,334,1263,334,1303,263,1303,phải
343,1263,398,1263,398,1303,343,1303,giữ
407,1263,440,1263,440,1296,407,1296,bí
447,1264,511,1264,511,1303,447,1303,mật
518,1264,611,1264,611,1303,518,1303,ngoại
618,1264,668,1264,668,1296,618,1296,trừ
676,1264,719,1264,719,1297,676,1297,do
727,1263,790,1263,790,1306,727,1306,luật
798,1264,878,1264,878,1306,798,1306,pháp
888,1264,941,1264,941,1305,888,1305,qui
949,1265,1032,1265,1032,1306,949,1306,định.
1280,1263,1392,1263,1392,1303,1280,1303,trường
1399,1263,1460,1263,1460,1303,1399,1303,hay
1467,1266,1556,1266,1556,1303,1467,1303,trong
1565,1264,1620,1264,1620,1303,1565,1303,giờ
1627,1264,1699,1264,1699,1304,1627,1304,học,
1705,1264,1747,1264,1747,1303,1705,1303,tại
1756,1264,1862,1264,1862,1305,1756,1305,những
1870,1266,1948,1266,1948,1306,1870,1306,cuộc
1956,1266,2044,1266,2044,1298,1956,1298,tranh
2052,1264,2097,1264,2097,1298,2052,1298,tài
2105,1267,2146,1267,2146,1299,2105,1299,do
197,1309,286,1309,286,1350,197,1350,(Luật
295,1309,364,1309,364,1351,295,1351,giáo
373,1309,433,1309,433,1349,373,1349,dục
443,1302,480,1302,480,1343,443,1343,số
488,1311,604,1311,604,1351,488,1351,49602)
623,1311,721,1311,721,1353,623,1353,(Theo
731,1304,808,1304,808,1352,731,1352,chấp
818,1311,910,1311,910,1353,818,1353,thuận
919,1313,976,1313,976,1345,919,1345,của
983,1304,1035,1304,1035,1353,983,1353,Ủy
1043,1314,1109,1314,1109,1345,1043,1345,Ban
1280,1309,1391,1309,1391,1350,1280,1350,trường
1399,1310,1459,1310,1459,1342,1399,1342,bảo
1468,1316,1528,1316,1528,1352,1468,1352,trợ,
1534,1311,1613,1311,1613,1352,1534,1352,hoặc
1622,1316,1709,1316,1709,1352,1622,1352,trong
1716,1311,1770,1311,1770,1344,1716,1344,khi
1779,1311,1818,1311,1818,1344,1779,1344,có
1826,1311,1908,1311,1908,1344,1826,1344,nhân
1915,1311,1987,1311,1987,1346,1915,1346,viên
1995,1312,2059,1312,2059,1352,1995,1352,học
2067,1312,2131,1312,2131,1345,2067,1345,khu
1280,1353,1363,1353,1363,1397,1280,1397,giám
1371,1356,1427,1356,1427,1391,1371,1391,sát.
197,1356,285,1356,285,1397,197,1397,Quản
293,1356,414,1356,414,1397,293,1397,Trị/hay
422,1356,456,1356,456,1396,422,1396,vị
464,1356,556,1356,556,1390,464,1390,Giám
562,1352,633,1352,633,1391,562,1391,Đốc
642,1359,711,1359,711,1396,642,1396,Học
720,1358,792,1358,792,1391,720,1391,Khu
800,1352,841,1352,841,1391,800,1391,về
849,1358,941,1358,941,1391,849,1391,chính
948,1359,1022,1359,1022,1391,948,1391,sách
195,1402,304,1402,304,1445,195,1445,và/hay
313,1396,385,1396,385,1436,313,1436,điều
393,1403,424,1403,424,1443,393,1443,lệ
433,1403,473,1403,473,1438,433,1438,đã
480,1403,564,1403,564,1443,480,1443,được
570,1404,614,1404,614,1436,570,1436,tái
624,1402,716,1402,716,1445,624,1445,duyệt
722,1402,798,1402,798,1444,722,1444,xét).
1280,1434,1380,1434,1380,1481,1280,1481,BẢO
1392,1435,1521,1435,1521,1481,1392,1481,HIỂM
1531,1448,1569,1448,1569,1483,1531,1483,Y
1577,1436,1638,1436,1638,1482,1577,1482,TẾ
1651,1436,1753,1436,1753,1483,1651,1483,CỦA
1761,1447,1867,1447,1867,1492,1761,1492,HỌC
1879,1448,1992,1448,1992,1484,1879,1484,SINH
195,1488,292,1488,292,1530,195,1530,HỌC
302,1489,406,1489,406,1521,302,1521,SINH
416,1488,550,1488,550,1522,416,1522,THAM
558,1489,642,1489,642,1522,558,1522,GIA
647,1480,747,1480,747,1524,647,1524,VÀO
753,1484,860,1484,860,1531,753,1531,VIỆC
872,1481,1002,1481,1002,1523,872,1523,KHẢO
1013,1481,1095,1481,1095,1524,1013,1524,SÁT
1287,1498,1357,1498,1357,1535,1287,1535,Học
1365,1497,1431,1497,1431,1532,1365,1532,khu
1436,1498,1497,1498,1497,1539,1436,1539,bay
1503,1498,1567,1498,1567,1532,1503,1532,văn
1574,1499,1678,1499,1678,1540,1574,1540,phòng
1686,1500,1766,1500,1766,1541,1686,1541,quận
1774,1499,1825,1499,1825,1537,1774,1537,hạt
1834,1508,1914,1508,1914,1541,1834,1541,cung
1923,1492,1980,1492,1980,1541,1923,1541,cấp
1989,1498,2070,1498,2070,1541,1989,1541,hoặc
2080,1491,2177,1491,2177,1534,2080,1534,chuẩn
195,1536,304,1536,304,1576,195,1576,Không
313,1536,375,1536,375,1575,313,1575,học
384,1534,452,1534,452,1568,384,1568,sinh
460,1536,520,1536,520,1568,460,1568,nào
529,1536,601,1536,601,1577,529,1577,phải
610,1527,660,1527,660,1577,610,1577,lấy
669,1527,722,1527,722,1569,669,1569,bất
729,1537,773,1537,773,1570,729,1570,cứ
779,1535,831,1535,831,1570,779,1570,bài
838,1530,922,1530,922,1570,838,1570,kiểm
931,1544,986,1544,986,1577,931,1577,tra,
993,1537,1073,1537,1073,1570,993,1570,khảo
1279,1540,1313,1540,1313,1580,1279,1580,bị
1321,1539,1376,1539,1376,1578,1321,1578,sẵn
1385,1545,1489,1545,1489,1586,1385,1586,những
1499,1545,1569,1545,1569,1586,1499,1586,dịch
1578,1555,1622,1555,1622,1585,1578,1585,vụ
1627,1555,1651,1555,1651,1586,1627,1586,y
1658,1538,1690,1538,1690,1580,1658,1580,tế
1698,1546,1758,1546,1758,1588,1698,1588,hay
1766,1545,1847,1545,1847,1585,1766,1585,bệnh
1856,1544,1926,1544,1926,1584,1856,1584,viện
1936,1547,2018,1547,2018,1580,1936,1580,chữa
2024,1547,2065,1547,2065,1587,2024,1587,trị
2072,1548,2189,1548,2189,1589,2072,1589,thuơng
195,1583,252,1583,252,1625,195,1625,sát,
259,1582,338,1582,338,1623,259,1623,bảng
348,1582,405,1582,405,1614,348,1614,câu
413,1582,467,1582,467,1616,413,1616,hỏi
476,1582,536,1582,536,1623,476,1623,hay
544,1582,595,1582,595,1616,544,1616,bài
603,1582,649,1582,649,1618,603,1618,thi
656,1584,717,1584,717,1615,656,1615,nào
726,1584,766,1584,766,1615,726,1615,có
775,1584,879,1584,879,1624,775,1624,những
889,1585,946,1585,946,1616,889,1616,câu
954,1585,1007,1585,1007,1618,954,1618,hỏi
1016,1578,1056,1578,1056,1617,1016,1617,về
1064,1587,1108,1587,1108,1618,1064,1618,tín
1277,1588,1340,1588,1340,1623,1277,1623,tích
1349,1590,1409,1590,1409,1623,1349,1623,cho
1419,1591,1475,1591,1475,1623,1419,1623,các
1481,1591,1543,1591,1543,1630,1481,1630,học
1553,1591,1621,1591,1621,1624,1553,1624,sinh
1630,1592,1670,1592,1670,1624,1630,1624,do
1680,1601,1720,1601,1720,1631,1680,1631,sự
1727,1585,1768,1585,1768,1624,1727,1624,cố
1773,1595,1862,1595,1862,1634,1773,1634,trong
1871,1593,1927,1593,1927,1626,1871,1626,các
1935,1594,2060,1594,2060,1635,1935,1635,chuơng
2068,1595,2147,1595,2147,1627,2068,1627,trình
192,1631,319,1631,319,1670,192,1670,ngưỡng
327,1630,366,1630,366,1663,327,1663,cá
372,1630,466,1630,466,1670,372,1670,nhân,
473,1630,534,1630,534,1671,473,1671,hay
541,1631,593,1631,593,1672,541,1672,gia
601,1630,675,1630,675,1663,601,1663,đình
684,1631,744,1631,744,1671,684,1671,hay
752,1631,858,1631,858,1673,752,1673,những
866,1631,931,1631,931,1665,866,1665,thói
940,1642,1019,1642,1019,1673,940,1673,quen
1027,1623,1068,1623,1068,1668,1027,1668,về
1277,1637,1338,1637,1338,1678,1277,1678,hay
1346,1637,1419,1637,1419,1678,1346,1678,hoạt
1427,1638,1510,1638,1510,1678,1427,1678,động
1518,1638,1562,1638,1562,1677,1518,1677,tại
1569,1640,1691,1640,1691,1680,1569,1680,trường.
1708,1639,1819,1639,1819,1680,1708,1680,Không
1827,1640,1888,1640,1888,1679,1827,1679,học
1898,1639,1966,1639,1966,1673,1898,1673,sinh
1974,1641,2036,1641,2036,1674,1974,1674,nào
2045,1641,2080,1641,2080,1680,2045,1680,bị
2088,1632,2140,1632,2140,1676,2088,1676,bắt
193,1675,258,1675,258,1716,193,1716,giới
266,1675,342,1675,342,1715,266,1715,tính,
351,1675,404,1675,404,1709,351,1709,đời
413,1669,492,1669,492,1719,413,1719,sống
501,1675,553,1675,553,1718,501,1718,gia
560,1675,645,1675,645,1716,560,1716,đình,
653,1675,724,1675,724,1710,653,1710,luân
733,1675,778,1675,778,1719,733,1719,lý,
784,1677,863,1677,863,1716,784,1716,hoặc
870,1678,924,1678,924,1712,870,1712,tôn
933,1678,1003,1678,1003,1720,933,1720,giáo
1012,1679,1065,1679,1065,1711,1012,1711,mà
1278,1685,1358,1685,1358,1724,1278,1724,buộc
1367,1683,1439,1683,1439,1725,1367,1725,phải
1447,1682,1525,1682,1525,1726,1447,1726,chấp
1533,1686,1615,1686,1615,1726,1533,1726,nhận
1623,1687,1727,1687,1727,1727,1623,1727,những
1736,1686,1847,1686,1847,1727,1736,1727,dịchvụ
1855,1687,1922,1687,1922,1720,1855,1720,như
1929,1678,1983,1678,1983,1721,1929,1721,thế
1988,1689,2043,1689,2043,1721,1988,1721,mà
2050,1688,2154,1688,2154,1730,2050,1730,không
2162,1690,2202,1690,2202,1722,2162,1722,có
193,1723,296,1723,296,1764,193,1764,không
304,1724,343,1724,343,1756,304,1756,có
353,1732,392,1732,392,1763,353,1763,sự
400,1715,484,1715,484,1765,400,1765,đồng
489,1724,514,1724,514,1766,489,1766,ý
522,1723,580,1723,580,1756,522,1756,của
587,1723,651,1723,651,1765,587,1765,phụ
657,1723,773,1723,773,1765,657,1765,huynh.
1277,1741,1318,1741,1318,1770,1277,1770,sự
1327,1723,1409,1723,1409,1773,1327,1773,đồng
1414,1732,1441,1732,1441,1771,1414,1771,ý
1448,1733,1507,1733,1507,1765,1448,1765,của
1515,1742,1565,1742,1565,1765,1515,1765,em
1573,1732,1634,1732,1634,1771,1573,1771,học
1642,1733,1711,1733,1711,1767,1642,1767,sinh
1720,1733,1772,1733,1772,1773,1720,1773,đó,
1780,1733,1858,1733,1858,1775,1780,1775,hoặc
1866,1725,1927,1725,1927,1767,1866,1767,nếu
1936,1734,1967,1734,1967,1767,1936,1767,là
1973,1734,2044,1734,2044,1774,1973,1774,một
2049,1736,2096,1736,2096,1768,2049,1768,trẻ
2105,1736,2136,1736,2136,1777,2105,1777,vị
1275,1778,1368,1778,1368,1814,1275,1814,thành
1377,1779,1459,1779,1459,1819,1377,1819,niên,
1468,1780,1521,1780,1521,1812,1468,1812,mà
1527,1780,1631,1780,1631,1821,1527,1821,không
1641,1787,1678,1787,1678,1815,1641,1815,có
1688,1789,1727,1789,1727,1819,1688,1819,sự
1734,1773,1818,1773,1818,1822,1734,1822,đồng
1823,1781,1848,1781,1848,1823,1823,1823,ý
1857,1782,1916,1782,1916,1814,1857,1814,của
1924,1781,1982,1781,1982,1814,1924,1814,cha
1989,1791,2042,1791,2042,1823,1989,1823,mẹ
2050,1783,2112,1783,2112,1823,2050,1823,hay
192,1818,258,1818,258,1857,192,1857,Tuy
267,1818,368,1818,368,1854,267,1854,nhiên,
376,1816,446,1816,446,1857,376,1857,việc
455,1810,514,1810,514,1851,455,1851,dấu
523,1816,586,1816,586,1859,523,1859,tên,
592,1823,629,1823,629,1856,592,1856,tự
635,1819,769,1819,769,1859,635,1859,nguyện,
776,1819,816,1819,816,1851,776,1851,và
825,1819,884,1819,884,1852,825,1852,bảo
896,1822,958,1822,958,1859,896,1859,mật
965,1821,1044,1821,1044,1860,965,1860,cũng
1053,1820,1118,1820,1118,1853,1053,1853,như
1277,1827,1373,1827,1373,1866,1277,1866,người
1382,1822,1465,1822,1465,1867,1382,1867,giám
1472,1826,1526,1826,1526,1867,1472,1867,hộ.
1545,1828,1609,1828,1609,1866,1545,1866,Quí
1615,1825,1650,1825,1650,1866,1615,1866,vị
1658,1828,1697,1828,1697,1861,1658,1861,có
1704,1816,1758,1816,1758,1861,1704,1861,thể
1764,1827,1845,1827,1845,1866,1764,1866,nhận
1853,1829,1937,1829,1937,1860,1853,1860,thêm
1945,1830,1989,1830,1989,1862,1945,1862,tin
1997,1830,2053,1830,2053,1863,1997,1863,tức
2063,1828,2124,1828,2124,1863,2063,1863,liên
192,1864,247,1864,247,1897,192,1897,các
255,1865,380,1865,380,1905,255,1905,phương
388,1865,453,1865,453,1903,388,1903,tiện
461,1865,541,1865,541,1898,461,1898,đánh
549,1866,602,1866,602,1905,549,1905,giá
610,1861,650,1861,650,1900,610,1900,để
657,1865,700,1865,700,1898,657,1898,đo
709,1866,807,1866,807,1907,709,1907,lường
814,1866,879,1866,879,1899,814,1899,tình
888,1870,972,1870,972,1908,888,1908,trạng
981,1868,1021,1868,1021,1899,981,1899,và
1029,1866,1075,1866,1075,1900,1029,1900,rủi
1081,1877,1119,1877,1119,1900,1081,1900,ro
1277,1881,1356,1881,1356,1913,1277,1913,quan
1365,1873,1411,1873,1411,1905,1365,1905,tới
1419,1873,1489,1873,1489,1914,1419,1914,việc
1498,1875,1538,1875,1538,1907,1498,1907,có
1547,1867,1602,1867,1602,1906,1547,1906,sẵn
1611,1875,1670,1875,1670,1907,1611,1907,bảo
1678,1868,1761,1868,1761,1908,1678,1908,hiểm
1767,1874,1811,1874,1811,1908,1767,1908,tai
1818,1884,1880,1884,1880,1914,1818,1914,nạn
1889,1875,1948,1875,1948,1908,1889,1908,cho
1956,1875,2019,1875,2019,1915,1956,1915,học
2027,1875,2097,1875,2097,1909,2027,1909,sinh
2107,1867,2186,1867,2186,1919,2107,1919,bằng
191,1905,232,1905,232,1944,191,1944,về
239,1912,297,1912,297,1944,239,1944,sức
305,1912,386,1912,386,1944,305,1944,khỏe
393,1913,454,1913,454,1945,393,1945,của
460,1912,521,1912,521,1952,460,1952,học
530,1913,609,1913,609,1952,530,1952,sinh,
616,1912,676,1912,676,1945,616,1945,bao
686,1905,759,1905,759,1953,686,1953,gồm
767,1913,874,1913,874,1954,767,1954,những
881,1912,933,1912,933,1946,881,1946,bài
942,1907,1023,1907,1023,1948,942,1948,kiểm
1031,1920,1086,1920,1086,1957,1031,1957,tra,
1276,1920,1353,1920,1353,1952,1276,1952,cách
1360,1919,1423,1919,1423,1952,1360,1952,liên
1433,1919,1480,1919,1480,1959,1433,1959,lạc
1489,1920,1544,1920,1544,1953,1489,1953,với
1553,1920,1625,1920,1625,1962,1553,1962,hiệu
1632,1923,1742,1923,1742,1962,1632,1962,trưởng
1750,1923,1871,1923,1871,1963,1750,1963,trường.
1891,1922,1981,1922,1981,1964,1891,1964,(luật
1988,1923,2060,1923,2060,1964,1988,1964,giáo
2070,1923,2130,1923,2130,1963,2070,1963,dục
2139,1919,2177,1919,2177,1956,2139,1956,số
191,1957,251,1957,251,1990,191,1990,bản
260,1958,316,1958,316,1991,260,1991,câu
324,1957,378,1957,378,1993,324,1993,hỏi
385,1959,427,1959,427,1991,385,1991,và
434,1958,541,1958,541,1999,434,1999,những
548,1958,609,1958,609,1991,548,1991,bản
616,1958,698,1958,698,1991,616,1991,khảo
708,1959,755,1959,755,1992,708,1992,sát
763,1959,844,1959,844,1992,763,1992,chứa
852,1959,935,1959,935,2001,852,2001,đựng
943,1960,1047,1960,1047,2002,943,2002,những
1056,1962,1116,1962,1116,1994,1056,1994,câu
1275,1962,1402,1962,1402,2005,1275,2005,49472.)
190,2005,244,2005,244,2037,190,2037,hỏi
252,2005,314,2005,314,2046,252,2046,phù
322,2005,386,2005,386,2046,322,2046,hợp
393,2005,449,2005,449,2038,393,2038,với
458,2005,500,2005,500,2046,458,2046,độ
508,1999,574,1999,574,2038,508,2038,tuổi
581,2007,622,2007,622,2040,581,2040,và
628,2005,693,2005,693,2039,628,2039,thái
702,2007,745,2007,745,2045,702,2045,độ
752,2008,812,2008,812,2040,752,2040,của
819,2006,880,2006,880,2046,819,2046,học
889,2007,957,2007,957,2040,889,2040,sinh
966,2007,1027,2007,1027,2041,966,2041,liên
1037,2018,1115,2018,1115,2048,1037,2048,quan
190,2053,246,2053,246,2091,190,2091,tới,
253,2053,313,2053,313,2092,253,2092,hay
321,2052,394,2052,394,2091,321,2091,thực
403,2045,466,2045,466,2084,403,2084,tiễn
477,2052,536,2052,536,2085,477,2085,liên
546,2062,626,2062,626,2093,546,2093,quan
633,2051,680,2051,680,2086,633,2086,tới
688,2053,795,2053,795,2093,688,2093,những
803,2046,864,2046,864,2086,803,2086,vấn
873,2046,912,2046,912,2086,873,2086,đề
920,2046,960,2046,960,2087,920,2087,về
968,2055,1032,2055,1032,2088,968,2088,tính
1042,2054,1101,2054,1101,2093,1042,2093,dục
1275,2042,1344,2042,1344,2088,1275,2088,ĂN
1353,2050,1491,2050,1491,2088,1353,2088,TRƯA
1503,2042,1628,2042,1628,2089,1503,2089,MIỄN
1638,2045,1722,2045,1722,2091,1638,2091,PHÍ
1730,2055,1836,2055,1836,2089,1730,2089,HAY
1847,2044,1978,2044,1978,2091,1847,2091,GIẢM
1989,2045,2080,2045,2080,2091,1989,2091,GIÁ
190,2098,230,2098,230,2131,190,2131,có
237,2091,289,2091,289,2131,237,2131,thể
299,2099,380,2099,380,2137,299,2137,được
388,2098,462,2098,462,2137,388,2137,thực
470,2099,542,2099,542,2138,470,2138,hiện
550,2098,610,2098,610,2132,550,2132,cho
619,2091,672,2091,672,2133,619,2133,bất
678,2100,722,2100,722,2133,678,2133,cứ
729,2100,791,2100,791,2140,729,2140,học
798,2100,869,2100,869,2133,798,2133,sinh
876,2101,936,2101,936,2133,876,2133,nào
944,2101,979,2101,979,2133,944,2133,từ
989,2101,1042,2101,1042,2142,989,2142,lớp
1052,2103,1073,2103,1073,2134,1052,2134,7
1275,2104,1342,2104,1342,2137,1275,2137,Các
1350,2103,1414,2103,1414,2145,1350,2145,học
1424,2101,1497,2101,1497,2138,1424,2138,sinh
1507,2104,1592,2104,1592,2145,1507,2145,được
1602,2107,1645,2107,1645,2138,1602,2138,ăn
1652,2106,1722,2106,1722,2138,1652,2138,trưa
1730,2098,1816,2098,1816,2141,1730,2141,miễn
1824,2107,1881,2107,1881,2147,1824,2147,phí
1890,2105,1954,2105,1954,2148,1890,2148,hay
1963,2103,2050,2103,2050,2148,1963,2148,giảm
2059,2108,2124,2108,2124,2150,2059,2150,giá.
191,2139,249,2139,249,2178,191,2178,đến
259,2145,311,2145,311,2187,259,2187,lớp
324,2146,360,2146,360,2179,324,2179,12
370,2138,432,2138,432,2179,370,2179,nếu
441,2146,502,2146,502,2187,441,2187,phụ
511,2145,614,2145,614,2187,511,2187,huynh
621,2147,682,2147,682,2188,621,2188,hay
689,2145,788,2145,788,2188,689,2188,người
798,2146,880,2146,880,2188,798,2188,giám
887,2148,930,2148,930,2185,887,2185,hộ
939,2148,1041,2148,1041,2190,939,2190,không
1049,2141,1112,2141,1112,2182,1049,2182,viết
1273,2154,1347,2154,1347,2195,1273,2195,Hãy
1355,2151,1421,2151,1421,2196,1355,2196,tiếp
1431,2154,1493,2154,1493,2187,1431,2187,xúc
1503,2153,1559,2153,1559,2188,1503,2188,với
1568,2155,1685,2155,1685,2197,1568,2197,trường
1693,2145,1736,2145,1736,2188,1693,2188,để
1744,2146,1809,2146,1809,2188,1744,2188,biết
1816,2165,1892,2165,1892,2189,1816,2189,xem
1902,2165,1966,2165,1966,2188,1902,2188,con
1974,2159,2031,2159,2031,2198,1974,2198,quí
2040,2158,2073,2158,2073,2198,2040,2198,vị
2085,2157,2125,2157,2125,2190,2085,2190,có
2134,2156,2191,2156,2191,2198,2134,2198,hội
189,2184,260,2184,260,2233,189,2233,giấy
268,2193,327,2193,327,2232,268,2232,yêu
336,2185,395,2185,395,2226,336,2226,cầu
403,2186,444,2186,444,2225,403,2225,để
453,2203,512,2203,512,2225,453,2225,con
521,2202,573,2202,573,2225,521,2225,em
579,2193,622,2193,622,2232,579,2232,họ
631,2192,734,2192,734,2235,631,2235,không
742,2193,826,2193,826,2227,742,2227,tham
834,2195,898,2195,898,2235,834,2235,gia,
906,2195,993,2195,993,2236,906,2236,(Luật
1002,2197,1072,2197,1072,2235,1002,2235,giáo
1274,2201,1319,2201,1319,2235,1274,2235,đủ
1327,2190,1402,2190,1402,2235,1327,2235,điều
1411,2202,1487,2202,1487,2243,1411,2243,kiện
1495,2202,1616,2202,1616,2245,1495,2245,không.
1633,2204,1700,2204,1700,2237,1633,2237,Xin
1707,2195,1771,2195,1771,2245,1707,2245,tiếp
1781,2204,1844,2204,1844,2243,1781,2243,cận
1850,2197,1926,2197,1926,2237,1850,2237,mẫu
1934,2203,2001,2203,2001,2239,1934,2239,đơn
2009,2205,2080,2205,2080,2242,2009,2242,trên
2088,2209,2177,2209,2177,2248,2088,2248,trang
189,2241,248,2241,248,2280,189,2280,dục
258,2233,295,2233,295,2272,258,2272,số
304,2241,362,2241,362,2273,304,2273,515
367,2241,419,2241,419,2281,367,2281,13,
426,2239,538,2239,538,2282,426,2282,51938,
547,2241,661,2241,661,2281,547,2281,60614;
668,2242,710,2242,710,2273,668,2273,20
719,2242,832,2242,832,2274,719,2274,U.S.C.
843,2242,988,2242,988,2285,843,2285,1232h(a)
996,2244,1037,2244,1037,2275,996,2275,và
1045,2242,1116,2242,1116,2284,1045,2284,(b).)
1273,2259,1369,2259,1369,2293,1273,2293,mạng
1377,2251,1423,2251,1423,2292,1377,2292,tại
1432,2251,1957,2251,1957,2296,1432,2296,www.scusd.edu/applyformeals
189,2284,285,2284,285,2325,189,2325,(Theo
296,2278,371,2278,371,2327,296,2327,chấp
380,2286,474,2286,474,2325,380,2325,thuận
481,2288,541,2288,541,2320,481,2320,của
547,2280,600,2280,600,2326,547,2326,Ủy
607,2289,675,2289,675,2320,607,2320,Ban
683,2288,773,2288,773,2327,683,2327,Quản
783,2284,833,2284,833,2325,783,2325,Trị
842,2286,969,2286,969,2325,842,2325,và/hoặc
978,2292,1011,2292,1011,2332,978,2332,vị
1019,2287,1110,2287,1110,2322,1019,2322,Giám
187,2326,256,2326,256,2366,187,2366,Đốc
264,2334,333,2334,333,2373,264,2373,Học
342,2334,413,2334,413,2366,342,2366,Khu
422,2323,462,2323,462,2366,422,2366,về
471,2334,562,2334,562,2367,471,2367,chính
570,2333,645,2333,645,2366,570,2366,sách
653,2334,764,2334,764,2376,653,2376,và/hay
771,2336,824,2336,824,2375,771,2375,qui
834,2334,908,2334,908,2374,834,2374,định
916,2336,956,2336,956,2368,916,2368,đã
966,2336,1048,2336,1048,2375,966,2375,được
1273,2345,1358,2345,1358,2391,1273,2391,TÀI
1367,2346,1461,2346,1461,2391,1367,2391,SẢN
1472,2345,1542,2345,1542,2392,1472,2392,CÁ
1548,2345,1688,2345,1688,2392,1548,2392,NHÂN
188,2380,280,2380,280,2422,188,2422,duyệt
286,2380,359,2380,359,2423,286,2423,xét).
1272,2408,1344,2408,1344,2447,1272,2447,Học
1353,2407,1420,2407,1420,2441,1353,2441,khu
1427,2407,1491,2407,1491,2449,1427,2449,hay
1501,2409,1559,2409,1559,2442,1501,2442,các
1569,2410,1632,2410,1632,2442,1569,2442,văn
1640,2408,1747,2408,1747,2452,1640,2452,phòng
1756,2410,1842,2410,1842,2451,1756,2451,quận
1848,2410,1904,2410,1904,2451,1848,2451,hạt
1912,2409,2020,2409,2020,2452,1912,2452,không
2030,2409,2105,2409,2105,2450,2030,2450,chịu
2114,2411,2202,2411,2202,2445,2114,2445,trách
1270,2453,1381,2453,1381,2492,1270,2492,nhiệm
1389,2448,1431,2448,1431,2491,1389,2491,về
1438,2457,1484,2457,1484,2491,1438,2491,tài
1494,2458,1553,2458,1553,2491,1494,2491,sản
1561,2458,1602,2458,1602,2491,1561,2491,cá
1608,2458,1703,2458,1703,2492,1608,2492,nhân.
1723,2459,1791,2459,1791,2492,1723,2492,Các
1799,2458,1862,2458,1862,2499,1799,2499,học
1871,2459,1945,2459,1945,2494,1871,2494,sinh
1953,2459,2040,2459,2040,2500,1953,2500,được
2050,2456,2177,2456,2177,2503,2050,2503,khuyến
187,2466,276,2466,276,2501,187,2501,GIA
282,2459,417,2459,417,2511,282,2511,NHẬP
427,2456,585,2456,585,2502,427,2502,CHÍNH
595,2456,813,2456,813,2512,595,2512,TRỊ/THÁI
822,2458,1047,2458,1047,2514,822,2514,ĐỘ/KHẢO
1273,2507,1331,2507,1331,2538,1273,2538,cáo
1341,2505,1449,2505,1449,2548,1341,2548,không
1457,2514,1555,2514,1555,2549,1457,2549,mang
1563,2507,1673,2507,1673,2549,1563,2549,những
1680,2507,1742,2507,1742,2542,1680,2542,thứ
1748,2506,1856,2506,1856,2551,1748,2551,không
1865,2509,1932,2509,1932,2543,1865,2543,liên
1941,2518,2025,2518,2025,2551,1941,2551,quan
2034,2501,2075,2501,2075,2543,2034,2543,về
2086,2510,2147,2510,2147,2552,2086,2552,học
186,2511,277,2511,277,2556,186,2556,SÁT
286,2511,386,2511,386,2556,286,2556,MỐI
396,2520,535,2520,535,2565,396,2565,QUAN
544,2516,610,2516,610,2565,544,2565,HỆ
623,2507,758,2507,758,2557,623,2557,THÂN
769,2514,872,2514,872,2568,769,2568,CẬN
881,2523,970,2523,970,2558,881,2558,GIA
978,2513,1114,2513,1114,2560,978,2560,ĐÌNH.
1270,2555,1325,2555,1325,2597,1270,2597,tập
1333,2555,1380,2555,1380,2588,1333,2588,tới
1392,2556,1517,2556,1517,2600,1392,2600,trường,
186,2571,251,2571,251,2603,186,2603,Các
258,2570,320,2570,320,2611,258,2611,phụ
329,2570,433,2570,433,2611,329,2611,huynh
441,2573,476,2573,476,2603,441,2603,sẽ
486,2570,567,2570,567,2610,486,2610,được
575,2571,670,2571,670,2612,575,2612,thông
678,2572,738,2572,738,2605,678,2605,báo
747,2565,829,2565,829,2613,747,2613,bằng
836,2573,893,2573,893,2604,836,2604,thư
901,2564,962,2564,962,2605,901,2605,nếu
968,2574,1034,2574,1034,2611,968,2611,một
1042,2574,1092,2574,1092,2605,1042,2605,bài
185,2609,267,2609,267,2651,185,2651,kiểm
275,2623,330,2623,330,2657,275,2657,tra,
337,2618,419,2618,419,2658,337,2658,bảng
427,2619,486,2619,486,2651,427,2651,câu
493,2617,559,2617,559,2655,493,2655,hỏi,
566,2617,626,2617,626,2652,566,2652,bản
634,2619,715,2619,715,2652,634,2652,khảo
725,2620,781,2620,781,2658,725,2658,sát,
789,2620,852,2620,852,2661,789,2661,hay
858,2620,910,2620,910,2652,858,2652,bài
917,2619,962,2619,962,2653,917,2653,thi
971,2621,1010,2621,1010,2662,971,2662,áp
1020,2621,1101,2621,1101,2662,1020,2662,dụng
1269,2645,1386,2645,1386,2696,1269,2696,PHỔ
1388,2646,1519,2646,1519,2696,1388,2696,BIẾN
1520,2658,1618,2658,1618,2695,1520,2695,TIN
1620,2645,1733,2645,1733,2697,1620,2697,TỨC
1736,2658,1885,2658,1885,2697,1736,2697,THEO
1890,2659,2040,2659,2040,2698,1890,2698,DANH
2047,2662,2173,2662,2173,2710,2047,2710,MỤC
185,2665,244,2665,244,2697,185,2697,cho
255,2675,313,2675,313,2697,255,2697,con
322,2665,375,2665,375,2705,322,2705,quí
383,2667,416,2667,416,2706,383,2706,vị
425,2664,466,2664,466,2698,425,2698,có
474,2666,529,2666,529,2698,474,2698,các
537,2665,596,2665,596,2698,537,2698,câu
603,2666,657,2666,657,2698,603,2698,hỏi
665,2658,707,2658,707,2698,665,2698,về
714,2666,775,2666,775,2698,714,2698,bản
784,2666,866,2666,866,2708,784,2708,thân,
875,2667,935,2667,935,2708,875,2708,hay
942,2667,993,2667,993,2708,942,2708,gia
1000,2667,1081,2667,1081,2709,1000,2709,nhập
185,2712,265,2712,265,2752,185,2752,đảng
273,2711,343,2711,343,2752,273,2752,phái
353,2711,445,2711,445,2744,353,2744,chính
453,2709,491,2709,491,2748,453,2748,trị
498,2712,559,2712,559,2753,498,2753,hay
566,2712,611,2712,611,2744,566,2744,tín
619,2714,758,2714,758,2753,619,2753,ngưỡng,
765,2707,818,2707,818,2745,765,2745,bất
825,2713,889,2713,889,2754,825,2754,hợp
899,2714,989,2714,989,2755,899,2755,pháp,
998,2708,1097,2708,1097,2755,998,2755,chống
1269,2739,1370,2739,1370,2786,1269,2786,XÁC
1381,2750,1505,2750,1505,2795,1381,2795,ĐỊNH
1513,2740,1589,2740,1589,2787,1513,2787,HỒ
1598,2749,1664,2749,1664,2787,1598,2787,SƠ
1670,2752,1777,2752,1777,2795,1670,2795,HỌC
1789,2752,1904,2752,1904,2788,1789,2788,SINH
184,2751,236,2751,236,2791,184,2791,đối
245,2760,287,2760,287,2790,245,2790,xã
293,2757,357,2757,357,2797,293,2797,hội,
365,2763,399,2763,399,2798,365,2798,tự
409,2753,462,2753,462,2795,409,2795,kết
468,2756,525,2756,525,2802,468,2802,tội,
531,2758,591,2758,591,2800,531,2800,hay
599,2759,641,2759,641,2798,599,2798,hạ
647,2752,720,2752,720,2799,647,2799,thấp
729,2752,821,2752,821,2800,729,2800,phẩm
830,2760,892,2760,892,2803,830,2803,giá,
900,2760,1004,2760,1004,2801,900,2801,những
1013,2754,1073,2754,1073,2793,1013,2793,vấn
1268,2792,1322,2792,1322,2834,1268,2834,Hồ
1332,2811,1373,2811,1373,2834,1332,2834,sơ
1380,2801,1444,2801,1444,2842,1380,2842,học
1455,2801,1527,2801,1527,2836,1455,2836,sinh
1536,2800,1569,2800,1569,2836,1536,2836,là
1577,2792,1633,2792,1633,2836,1577,2836,bất
1641,2803,1685,2803,1685,2836,1641,2836,cứ
1691,2803,1776,2803,1776,2845,1691,2845,hạng
1784,2812,1858,2812,1858,2845,1784,2845,mục
1868,2804,1915,2804,1915,2838,1868,2838,tin
1923,2805,1980,2805,1980,2837,1923,2837,tức
1989,2804,2023,2804,2023,2847,1989,2847,gì
2031,2806,2128,2806,2128,2847,2031,2847,ngoài
2136,2806,2184,2806,2184,2841,2136,2841,tin
184,2798,224,2798,224,2838,184,2838,đề
232,2805,293,2805,293,2838,232,2838,tâm
300,2799,373,2799,373,2838,300,2838,thần
380,2807,442,2807,442,2847,380,2847,hay
450,2806,513,2806,513,2839,450,2839,tâm
521,2805,565,2805,565,2848,521,2848,lý,
573,2807,636,2807,636,2845,573,2845,luật
644,2816,695,2816,695,2848,644,2848,sư,
702,2816,724,2816,724,2847,702,2847,y
733,2808,771,2808,771,2848,733,2848,sĩ,
779,2817,852,2817,852,2845,779,2845,mục
861,2816,911,2816,911,2848,861,2848,sư,
919,2809,1023,2809,1023,2849,919,2849,những
1033,2809,1112,2809,1112,2841,1033,2841,đánh
183,2853,235,2853,235,2894,183,2894,giá
242,2844,286,2844,286,2885,242,2885,rất
295,2862,376,2862,376,2892,295,2892,quan
382,2855,471,2855,471,2893,382,2893,trọng
480,2854,538,2854,538,2886,480,2886,của
545,2853,651,2853,651,2893,545,2893,những
659,2854,698,2854,698,2886,659,2886,cá
705,2854,788,2854,788,2887,705,2887,nhân
795,2855,847,2855,847,2887,795,2887,mà
855,2854,910,2854,910,2895,855,2895,quí
916,2855,950,2855,950,2895,916,2895,vị
958,2855,997,2855,997,2888,958,2888,có
1005,2848,1069,2848,1069,2887,1005,2887,mói
1267,2851,1324,2851,1324,2884,1267,2884,tức
1333,2850,1419,2850,1419,2884,1333,2884,danh
1426,2860,1501,2860,1501,2891,1426,2891,mục
1511,2852,1552,2852,1552,2885,1511,2885,có
1563,2849,1629,2849,1629,2885,1563,2885,liên
1637,2861,1722,2861,1722,2895,1637,2895,quan
1728,2858,1798,2858,1798,2892,1728,2892,trực
1807,2845,1871,2845,1871,2895,1807,2895,tiếp
1879,2852,1929,2852,1929,2886,1879,2886,tới
1938,2853,2008,2853,2008,2892,1938,2892,một
2014,2853,2078,2853,2078,2895,2014,2895,học
2088,2853,2161,2853,2161,2889,2088,2889,sinh
1268,2899,1310,2899,1310,2933,1268,2933,có
1319,2892,1373,2892,1373,2933,1319,2933,thể
1381,2899,1469,2899,1469,2940,1381,2940,được
1478,2900,1564,2900,1564,2940,1478,2940,nhận
1573,2900,1647,2900,1647,2943,1573,2943,điện
1656,2901,1699,2901,1699,2934,1656,2934,và
1707,2900,1794,2900,1794,2942,1707,2942,được
1802,2900,1860,2900,1860,2935,1802,2935,lưu
1869,2903,1929,2903,1929,2943,1869,2943,giữ
1936,2902,1991,2902,1991,2936,1936,2936,bởi
2001,2901,2064,2901,2064,2943,2001,2943,học
2074,2902,2141,2902,2141,2938,2074,2938,khu
183,2909,263,2909,263,2941,183,2941,quan
272,2900,312,2900,312,2938,272,2938,hệ
319,2900,390,2900,390,2932,319,2932,thân
400,2904,457,2904,457,2941,400,2941,cận
466,2898,518,2898,518,2941,466,2941,gia
525,2898,600,2898,600,2933,525,2933,đình
608,2902,648,2902,648,2933,608,2933,và
655,2900,710,2900,710,2934,655,2934,thu
716,2900,798,2900,798,2942,716,2942,nhập
808,2903,913,2903,913,2944,808,2944,(ngoại
922,2902,970,2902,970,2934,922,2934,trừ
979,2902,1042,2902,1042,2941,979,2941,luật
181,2946,262,2946,262,2987,181,2987,pháp
270,2946,330,2946,330,2986,270,2986,yêu
340,2939,396,2939,396,2979,340,2979,cầu
405,2941,447,2941,447,2979,405,2979,để
454,2947,512,2947,512,2979,454,2979,xác
521,2946,593,2946,593,2985,521,2985,định
603,2946,641,2946,641,2979,603,2979,có
651,2947,694,2947,694,2980,651,2980,đủ
700,2952,737,2952,737,2980,700,2980,tư
745,2947,822,2947,822,2980,745,2980,cách
830,2947,912,2947,912,2980,830,2980,tham
922,2949,974,2949,974,2989,922,2989,gia
980,2948,1046,2948,1046,2986,980,2986,một
1267,2947,1330,2947,1330,2989,1267,2989,hay
1341,2948,1395,2948,1395,2983,1341,2983,đòi
1404,2948,1459,2948,1459,2982,1404,2982,hỏi
1469,2949,1538,2949,1538,2990,1469,2990,một
1546,2948,1633,2948,1633,2984,1546,2984,nhân
1641,2947,1715,2947,1715,2984,1641,2984,viên
1724,2951,1799,2951,1799,2994,1724,2994,chịu
1807,2951,1895,2951,1895,2984,1807,2984,trách
1903,2949,2011,2949,2011,2991,1903,2991,nhiệm
2019,2947,2078,2947,2078,2986,2019,2986,lưu
2087,2950,2156,2950,2156,2995,2087,2995,giữ.
182,2992,304,2992,304,3034,182,3034,chương
312,2992,390,2992,390,3025,312,3025,trình
400,2993,459,2993,459,3034,400,3034,hay
468,2993,548,2993,548,3032,468,3032,nhận
556,2995,604,2995,604,3033,556,3033,trợ
614,2992,687,2992,687,3035,614,3035,giúp
697,2992,737,2992,737,3027,697,3027,tài
748,2995,846,2995,846,3026,748,3026,chánh
855,2996,926,2996,926,3029,855,3029,theo
935,2996,1057,2996,1057,3036,935,3036,chương
1170,3081,1209,3081,1209,3116,1170,3116,16
