1316,559,1335,559,1335,591,1316,591,2
677,712,714,712,714,750,677,750,2.
726,710,785,710,785,748,726,748,Cơ
797,720,891,720,891,755,797,755,quan
902,709,949,709,949,745,902,745,có
959,700,1057,700,1057,746,959,746,thẩm
1069,697,1189,697,1189,752,1069,752,quyền
1200,705,1293,705,1293,750,1200,750,đăng
1303,703,1366,703,1366,749,1303,749,ký,
1376,712,1470,712,1470,747,1376,747,cung
1483,690,1550,690,1550,745,1483,745,cấp
1559,699,1673,699,1673,743,1559,743,thông
1685,693,1735,693,1735,734,1685,734,tin
1747,690,1795,690,1795,735,1747,735,về
1805,693,1888,693,1888,736,1805,736,biện
1898,695,1992,695,1992,741,1898,741,pháp
2002,693,2075,693,2075,733,2002,733,bảo
582,767,675,767,675,810,582,810,đảm;
686,776,733,776,733,802,686,802,cơ
741,775,834,775,834,811,741,811,quan
842,765,888,765,888,800,842,800,có
895,748,993,748,993,802,895,802,thẩm
1002,756,1117,756,1117,809,1002,809,quyền
1126,759,1218,759,1218,807,1126,807,quản
1226,758,1265,758,1265,805,1226,805,lý
1272,757,1343,757,1343,795,1272,795,nhà
1349,756,1445,756,1445,793,1349,793,nước
1453,745,1501,745,1501,792,1453,792,về
1509,755,1602,755,1602,800,1509,800,đăng
1610,751,1659,751,1659,800,1610,800,ký
1668,748,1750,748,1750,798,1668,798,biện
1757,751,1849,751,1849,800,1757,800,pháp
1858,748,1926,748,1926,788,1858,788,bảo
1938,739,2030,739,2030,789,1938,789,đảm.
678,853,716,853,716,892,678,892,3.
726,853,784,853,784,890,726,890,Cá
791,852,898,852,898,900,791,900,nhân,
906,851,1001,851,1001,898,906,898,pháp
1011,849,1108,849,1108,887,1011,887,nhân
1116,848,1209,848,1209,885,1116,885,khác
1219,848,1266,848,1266,884,1219,884,có
1275,845,1349,845,1349,887,1275,887,liên
1359,845,1462,845,1462,891,1359,891,quan.
678,934,776,934,776,979,678,979,Điều
786,941,826,941,826,981,786,981,3.
836,940,923,940,923,977,836,977,Giải
934,939,1039,939,1039,976,934,976,thích
1049,938,1097,938,1097,974,1049,974,từ
1106,938,1189,938,1189,983,1106,983,ngữ
680,1031,798,1031,798,1074,680,1074,Trong
807,1026,905,1026,905,1073,807,1073,Nghị
914,1026,1003,1026,1003,1070,914,1070,định
1010,1025,1095,1025,1095,1070,1010,1070,này,
1105,1023,1169,1023,1169,1061,1105,1061,các
1178,1023,1223,1023,1223,1060,1178,1060,từ
1230,1024,1307,1024,1307,1068,1230,1068,ngữ
1316,1018,1402,1018,1402,1058,1316,1058,dưới
1416,1020,1484,1020,1484,1066,1416,1066,đây
1494,1019,1592,1019,1592,1062,1494,1062,được
1602,1007,1688,1007,1688,1054,1602,1054,hiểu
1697,1015,1774,1015,1774,1052,1697,1052,như
1783,1026,1857,1026,1857,1051,1783,1051,sau:
686,1117,720,1117,720,1156,686,1156,1.
732,1116,836,1116,836,1160,732,1160,Đăng
848,1113,898,1113,898,1161,848,1161,ký
911,1112,997,1112,997,1157,911,1157,biện
1007,1111,1101,1111,1101,1159,1007,1159,pháp
1115,1111,1185,1111,1185,1147,1115,1147,bảo
1198,1110,1281,1110,1281,1147,1198,1147,đảm
1293,1110,1331,1110,1331,1146,1293,1146,là
1342,1107,1422,1107,1422,1151,1342,1151,việc
1435,1117,1484,1117,1484,1143,1435,1143,cơ
1497,1116,1591,1116,1591,1153,1497,1153,quan
1603,1103,1699,1103,1699,1149,1603,1149,đăng
1709,1102,1761,1102,1761,1148,1709,1148,ký
1773,1101,1834,1101,1834,1148,1773,1148,ghi
1847,1101,1916,1101,1916,1138,1847,1138,vào
1930,1090,1973,1090,1973,1136,1930,1136,sổ
1985,1100,2081,1100,2081,1145,1985,1145,đăng
583,1172,639,1172,639,1219,583,1219,ký
647,1170,739,1170,739,1215,647,1215,hoặc
749,1168,844,1168,844,1215,749,1215,nhập
856,1168,926,1168,926,1205,856,1205,vào
940,1177,988,1177,988,1202,940,1202,cơ
1000,1166,1044,1166,1044,1202,1000,1202,sở
1055,1166,1108,1166,1108,1201,1055,1201,dữ
1118,1161,1192,1161,1192,1203,1118,1203,liệu
1202,1159,1251,1159,1251,1205,1202,1205,về
1260,1162,1340,1162,1340,1206,1260,1206,việc
1352,1162,1423,1162,1423,1200,1352,1200,bên
1433,1161,1503,1161,1503,1197,1433,1197,bảo
1516,1159,1600,1159,1600,1197,1516,1197,đảm
1611,1158,1710,1158,1710,1203,1611,1203,dùng
1719,1158,1770,1158,1770,1197,1719,1197,tài
1783,1156,1847,1156,1847,1193,1783,1193,sản
1859,1144,1905,1144,1905,1191,1859,1191,để
1915,1154,1983,1154,1983,1192,1915,1192,bảo
1995,1150,2080,1150,2080,1191,1995,1191,đảm
587,1226,673,1226,673,1268,587,1268,thực
682,1219,768,1219,768,1262,682,1262,hiện
776,1223,886,1223,886,1269,776,1269,nghĩa
893,1231,944,1231,944,1266,893,1266,vụ
956,1210,1016,1210,1016,1256,956,1256,đối
1026,1216,1092,1216,1092,1256,1026,1256,với
1102,1218,1172,1218,1172,1255,1102,1255,bên
1182,1218,1277,1218,1277,1260,1182,1260,nhận
1285,1216,1356,1216,1356,1254,1285,1254,bảo
1367,1216,1459,1216,1459,1259,1367,1259,đảm;
684,1311,720,1311,720,1350,684,1350,2.
735,1300,785,1300,785,1346,735,1346,Sổ
798,1308,894,1308,894,1355,798,1355,đăng
903,1308,956,1308,956,1355,903,1355,ký
969,1307,1005,1307,1005,1343,969,1343,là
1018,1296,1069,1296,1069,1343,1018,1343,Sổ
1082,1305,1142,1305,1142,1350,1082,1350,địa
1154,1303,1262,1303,1262,1341,1154,1341,chính
1272,1303,1364,1303,1364,1348,1272,1348,hoặc
1379,1292,1430,1292,1430,1339,1379,1339,Sổ
1441,1300,1536,1300,1536,1347,1441,1347,đăng
1547,1298,1599,1298,1599,1345,1547,1345,ký
1609,1289,1670,1289,1670,1335,1609,1335,thế
1685,1288,1775,1288,1775,1343,1685,1343,chấp
1788,1295,1836,1295,1836,1333,1788,1333,tài
1849,1297,1914,1297,1914,1333,1849,1333,sản
1926,1286,1994,1286,1994,1341,1926,1341,gắn
2007,1286,2082,1286,2082,1331,2007,1331,liền
589,1367,652,1367,652,1403,589,1403,với
666,1354,726,1354,726,1402,666,1402,đất
738,1364,827,1364,827,1400,738,1400,hình
838,1362,947,1362,947,1399,838,1399,thành
957,1366,1062,1366,1062,1408,957,1408,trong
1075,1366,1189,1366,1189,1407,1075,1407,tương
1203,1357,1250,1357,1250,1398,1203,1398,lai
1264,1349,1325,1349,1325,1397,1264,1397,đối
1338,1357,1401,1357,1401,1395,1338,1395,với
1413,1354,1499,1354,1499,1402,1413,1402,biện
1510,1354,1606,1354,1606,1401,1510,1401,pháp
1618,1353,1689,1353,1689,1390,1618,1390,bảo
1703,1352,1787,1352,1787,1389,1703,1389,đảm
1799,1341,1893,1341,1893,1397,1799,1397,bằng
1906,1339,2024,1339,2024,1397,1906,1397,quyền
2038,1350,2085,1350,2085,1386,2038,1386,sử
589,1420,688,1420,688,1465,589,1465,dụng
700,1408,772,1408,772,1459,700,1459,đất,
784,1415,833,1415,833,1454,784,1454,tài
848,1416,911,1416,911,1452,848,1452,sản
925,1405,997,1405,997,1461,925,1461,gắn
1008,1407,1083,1407,1083,1450,1008,1450,liền
1095,1414,1159,1414,1159,1450,1095,1450,với
1173,1403,1245,1403,1245,1456,1173,1456,đất,
1257,1403,1307,1403,1307,1449,1257,1449,Sổ
1322,1411,1415,1411,1415,1457,1322,1457,đăng
1426,1410,1472,1410,1472,1452,1426,1452,bạ
1485,1409,1548,1409,1548,1445,1485,1445,tàu
1561,1408,1632,1408,1632,1452,1561,1452,bay
1643,1405,1730,1405,1730,1449,1643,1449,Việt
1741,1405,1836,1405,1836,1443,1741,1443,Nam
1849,1395,1910,1395,1910,1441,1849,1441,đối
1921,1403,1986,1403,1986,1441,1921,1441,với
1998,1399,2084,1399,2084,1443,1998,1443,biện
589,1473,684,1473,684,1518,589,1518,pháp
697,1472,767,1472,767,1508,697,1508,bảo
782,1470,865,1470,865,1507,782,1507,đảm
876,1461,974,1461,974,1515,876,1515,bằng
985,1467,1048,1467,1048,1505,985,1505,tàu
1059,1467,1142,1467,1142,1514,1059,1514,bay,
1156,1457,1207,1457,1207,1503,1156,1503,Sổ
1221,1466,1314,1466,1314,1511,1221,1511,đăng
1327,1466,1376,1466,1376,1512,1327,1512,ký
1388,1464,1449,1464,1449,1501,1388,1501,tàu
1462,1451,1548,1451,1548,1499,1462,1499,biển
1559,1452,1653,1452,1653,1507,1559,1507,quốc
1668,1461,1728,1461,1728,1507,1668,1507,gia
1743,1453,1826,1453,1826,1499,1743,1499,Việt
1836,1459,1931,1459,1931,1495,1836,1495,Nam
1943,1449,2005,1449,2005,1495,1943,1495,đối
2018,1456,2084,1456,2084,1495,2018,1495,với
591,1526,674,1526,674,1569,591,1569,biện
684,1524,777,1524,777,1572,684,1572,pháp
786,1524,858,1524,858,1560,786,1560,bảo
869,1523,953,1523,953,1561,869,1561,đảm
964,1513,1058,1513,1058,1567,964,1567,bằng
1067,1521,1130,1521,1130,1557,1067,1557,tàu
1138,1511,1222,1511,1222,1558,1138,1558,biển
1231,1519,1323,1519,1323,1562,1231,1562,hoặc
1334,1510,1376,1510,1376,1555,1334,1555,sổ
1384,1516,1476,1516,1476,1555,1384,1555,khác
1488,1517,1570,1517,1570,1553,1488,1553,theo
1582,1526,1656,1526,1656,1561,1582,1561,quy
1667,1513,1754,1513,1754,1558,1667,1558,định
1764,1514,1832,1514,1832,1550,1764,1550,của
1838,1511,1933,1511,1933,1559,1838,1559,pháp
1944,1508,2026,1508,2026,1556,1944,1556,luật;
688,1614,724,1614,724,1649,688,1649,3.
739,1611,799,1611,799,1647,739,1647,Cơ
810,1610,857,1610,857,1646,810,1646,sở
868,1610,922,1610,922,1647,868,1647,dữ
933,1608,1007,1608,1007,1652,933,1652,liệu
1019,1598,1068,1598,1068,1643,1019,1643,về
1080,1607,1165,1607,1165,1653,1080,1653,biện
1176,1607,1272,1607,1272,1652,1176,1652,pháp
1284,1606,1355,1606,1355,1642,1284,1642,bảo
1369,1605,1450,1605,1450,1641,1369,1641,đảm
1464,1603,1502,1603,1502,1639,1464,1639,là
1511,1603,1573,1603,1573,1649,1511,1649,tập
1585,1602,1661,1602,1661,1647,1585,1647,hợp
1677,1600,1741,1600,1741,1638,1677,1638,các
1753,1600,1865,1600,1865,1644,1753,1644,thông
1876,1598,1927,1598,1927,1636,1876,1636,tin
1941,1589,1988,1589,1988,1633,1941,1633,về
1999,1593,2085,1593,2085,1639,1999,1639,biện
591,1666,685,1666,685,1712,591,1712,pháp
695,1665,765,1665,765,1701,695,1701,bảo
777,1664,860,1664,860,1700,777,1700,đảm
870,1662,917,1662,917,1700,870,1700,đã
928,1662,1021,1662,1021,1708,928,1708,đăng
1031,1660,1082,1660,1082,1707,1031,1707,ký
1092,1660,1189,1660,1189,1705,1092,1705,được
1198,1659,1265,1659,1265,1697,1198,1697,lưu
1273,1658,1339,1658,1339,1705,1273,1705,giữ
1348,1657,1395,1657,1395,1703,1348,1703,tại
1407,1668,1456,1668,1456,1693,1407,1693,cơ
1465,1668,1559,1668,1559,1702,1465,1702,quan
1570,1656,1665,1656,1665,1700,1570,1700,đăng
1674,1655,1735,1655,1735,1701,1674,1701,ký;
688,1752,724,1752,724,1791,688,1791,4.
736,1752,794,1752,794,1795,736,1795,Hệ
803,1741,915,1741,915,1795,803,1795,thống
925,1749,977,1749,977,1785,925,1785,dữ
987,1746,1061,1746,1061,1790,987,1790,liệu
1070,1740,1166,1740,1166,1793,1070,1793,quốc
1176,1748,1238,1748,1238,1792,1176,1792,gia
1245,1733,1292,1733,1292,1782,1245,1782,về
1303,1745,1387,1745,1387,1789,1303,1789,biện
1395,1745,1490,1745,1490,1791,1395,1791,pháp
1500,1743,1570,1743,1570,1780,1500,1780,bảo
1583,1742,1666,1742,1666,1778,1583,1778,đảm
1676,1740,1715,1740,1715,1777,1676,1777,là
1723,1741,1773,1741,1773,1783,1723,1783,hệ
1780,1731,1892,1731,1892,1785,1780,1785,thống
1901,1739,1965,1739,1965,1775,1901,1775,các
1975,1739,2086,1739,2086,1784,1975,1784,thông
591,1805,644,1805,644,1843,591,1843,tin
656,1797,702,1797,702,1842,656,1842,về
712,1803,797,1803,797,1851,712,1851,biện
805,1803,900,1803,900,1851,805,1851,pháp
911,1803,982,1803,982,1841,911,1841,bảo
993,1802,1077,1802,1077,1839,993,1839,đảm
1086,1792,1183,1792,1183,1848,1086,1848,bằng
1193,1800,1257,1800,1257,1836,1193,1836,các
1268,1801,1340,1801,1340,1843,1268,1843,loại
1350,1799,1398,1799,1398,1835,1350,1835,tài
1410,1799,1476,1799,1476,1835,1410,1835,sản
1487,1797,1535,1797,1535,1834,1487,1834,đã
1544,1797,1642,1797,1642,1841,1544,1841,được
1653,1795,1749,1795,1749,1842,1653,1842,đăng
1757,1793,1809,1793,1809,1841,1757,1841,ký
1816,1798,1920,1798,1920,1843,1816,1843,trong
1928,1793,2036,1793,2036,1839,1928,1839,phạm
2046,1790,2085,1790,2085,1830,2046,1830,vi
593,1861,640,1861,640,1897,593,1897,cả
644,1860,756,1860,756,1900,644,1900,nước;
691,1945,726,1945,726,1981,691,1981,5.
738,1946,807,1946,807,1979,738,1979,Mã
818,1934,861,1934,861,1980,818,1980,số
875,1943,921,1943,921,1980,875,1980,sử
934,1943,1032,1943,1032,1988,934,1988,dụng
1044,1952,1093,1952,1093,1977,1044,1977,cơ
1105,1941,1151,1941,1151,1977,1105,1977,sở
1162,1941,1215,1941,1215,1977,1162,1977,dữ
1226,1940,1300,1940,1300,1983,1226,1983,liệu
1311,1930,1358,1930,1358,1976,1311,1976,về
1369,1939,1455,1939,1455,1981,1369,1981,biện
1465,1938,1561,1938,1561,1984,1465,1984,pháp
1573,1936,1644,1936,1644,1973,1573,1973,bảo
1659,1935,1742,1935,1742,1972,1659,1972,đảm
1755,1934,1792,1934,1792,1972,1755,1972,là
1802,1934,1853,1934,1853,1981,1802,1981,ký
1864,1929,1948,1929,1948,1981,1864,1981,hiệu
1960,1933,2028,1933,2028,1980,1960,1980,dãy
2042,1925,2088,1925,2088,1969,2042,1969,số
593,2000,642,2000,642,2035,593,2035,và
651,1999,701,1999,701,2035,651,2035,tài
713,1998,832,1998,832,2034,713,2034,khoản
843,1998,938,1998,938,2041,843,2041,đăng
948,1997,1000,1997,1000,2042,948,2042,ký
1009,1999,1088,1999,1088,2040,1009,2040,trực
1100,1985,1208,1985,1208,2040,1100,2040,tuyến
1221,1985,1322,1985,1322,2040,1221,2040,(gồm
1331,1993,1393,1993,1393,2030,1331,2030,tên
1405,1993,1499,1993,1499,2038,1405,2038,đăng
1510,1991,1606,1991,1606,2035,1510,2035,nhập
1616,1990,1666,1990,1666,2025,1616,2025,và
1675,1991,1751,1991,1751,2034,1675,2034,mật
1761,1979,1870,1979,1870,2036,1761,2036,khấu)
1884,1980,1949,1980,1949,2033,1884,2033,cấp
1961,1988,2030,1988,2030,2024,1961,2024,cho
2043,1987,2089,1987,2089,2025,2043,2025,cá
592,2052,701,2052,701,2100,592,2100,nhân,
708,2052,803,2052,803,2098,708,2098,pháp
814,2051,909,2051,909,2087,814,2087,nhân
919,2041,966,2041,966,2086,919,2086,để
976,2050,1070,2050,1070,2095,976,2095,đăng
1080,2048,1130,2048,1130,2093,1080,2093,ký
1140,2053,1218,2053,1218,2092,1140,2092,trực
1226,2038,1335,2038,1335,2093,1226,2093,tuyến
1345,2045,1427,2045,1427,2090,1345,2090,biện
1436,2045,1532,2045,1532,2092,1436,2092,pháp
1544,2044,1612,2044,1612,2081,1544,2081,bảo
1625,2043,1719,2043,1719,2089,1625,2089,đảm;
692,2140,726,2140,726,2178,692,2178,6.
743,2128,803,2128,803,2174,743,2174,Hồ
819,2148,865,2148,865,2173,819,2173,sơ
878,2136,974,2136,974,2183,878,2183,đăng
988,2134,1039,2134,1039,2182,988,2182,ký
1052,2134,1127,2134,1127,2182,1052,2182,hợp
1143,2136,1181,2136,1181,2180,1143,2180,lệ
1195,2134,1231,2134,1231,2174,1195,2174,là
1244,2125,1295,2125,1295,2170,1244,2170,hồ
1310,2144,1357,2144,1357,2170,1310,2170,sơ
1372,2133,1416,2133,1416,2170,1372,2170,có
1432,2133,1482,2133,1482,2169,1432,2169,đủ
1495,2121,1606,2121,1606,2177,1495,2177,phiếu
1619,2132,1692,2132,1692,2175,1619,2175,yêu
1708,2120,1775,2120,1775,2166,1708,2166,cầu
1791,2130,1883,2130,1883,2175,1791,2175,đăng
1897,2128,1948,2128,1948,2175,1897,2175,ký
1961,2128,2008,2128,2008,2166,1961,2166,và
2023,2128,2086,2128,2086,2165,2023,2165,các
595,2184,680,2184,680,2239,595,2239,giáy
692,2192,733,2192,733,2228,692,2228,tờ
744,2192,820,2192,820,2238,744,2238,hợp
834,2190,872,2190,872,2234,834,2234,lệ
884,2190,976,2190,976,2227,884,2227,khác
990,2191,1083,2191,1083,2233,990,2233,hoặc
1098,2190,1144,2190,1144,2225,1098,2225,có
1157,2178,1266,2178,1266,2235,1157,2235,phiếu
1280,2189,1349,2189,1349,2233,1280,2233,yêu
1364,2178,1433,2178,1433,2224,1364,2224,cầu
1444,2186,1540,2186,1540,2233,1444,2233,đăng
1552,2185,1603,2185,1603,2233,1552,2233,ký
1617,2185,1692,2185,1692,2228,1617,2228,hợp
1707,2184,1744,2184,1744,2228,1707,2228,lệ
1758,2191,1860,2191,1860,2230,1758,2230,trong
1873,2184,2000,2184,2000,2230,1873,2230,trường
2011,2184,2086,2184,2086,2228,2011,2228,hợp
593,2247,690,2247,690,2295,593,2295,pháp
699,2244,774,2244,774,2288,699,2288,luật
784,2254,856,2254,856,2292,784,2292,quy
866,2243,952,2243,952,2288,866,2288,định
961,2234,1011,2234,1011,2279,961,2279,hồ
1023,2253,1068,2253,1068,2279,1023,2279,sơ
1079,2243,1173,2243,1173,2289,1079,2289,đăng
1182,2241,1232,2241,1232,2288,1182,2288,ký
1243,2243,1301,2243,1301,2279,1243,2279,chỉ
1312,2231,1378,2231,1378,2277,1312,2277,cần
1389,2241,1434,2241,1434,2277,1389,2277,có
1444,2229,1555,2229,1555,2285,1444,2285,phiếu
1562,2238,1635,2238,1635,2284,1562,2284,yêu
1645,2226,1714,2226,1714,2275,1645,2275,cầu
1724,2239,1818,2239,1818,2283,1724,2283,đăng
1826,2235,1886,2235,1886,2284,1826,2284,ký;
693,2333,730,2333,730,2369,693,2369,7.
738,2326,850,2326,850,2372,738,2372,Phiếu
859,2331,932,2331,932,2376,859,2376,yêu
943,2321,1010,2321,1010,2367,943,2367,cầu
1020,2331,1115,2331,1115,2375,1020,2375,đăng
1125,2330,1176,2330,1176,2378,1125,2378,ký
1185,2330,1259,2330,1259,2374,1185,2374,hợp
1270,2328,1307,2328,1307,2374,1270,2374,lệ
1316,2328,1355,2328,1355,2367,1316,2367,là
1362,2317,1472,2317,1472,2374,1362,2374,phiếu
1482,2327,1527,2327,1527,2364,1482,2364,có
1539,2318,1609,2318,1609,2372,1539,2372,đầy
1620,2326,1672,2326,1672,2362,1620,2362,đủ
1681,2326,1730,2326,1730,2361,1681,2361,và
1739,2325,1835,2325,1835,2372,1739,2372,đúng
1845,2326,1909,2326,1909,2360,1845,2360,các
1918,2319,1981,2319,1981,2364,1918,2364,nội
1992,2323,2089,2323,2089,2374,1992,2374,dung
597,2379,657,2379,657,2425,597,2425,bắt
666,2385,760,2385,760,2430,666,2430,buộc
768,2384,853,2384,853,2431,768,2431,phải
862,2385,910,2385,910,2421,862,2421,kê
918,2384,1005,2384,1005,2421,918,2421,khai
1013,2384,1097,2384,1097,2420,1013,2420,theo
1108,2375,1203,2375,1203,2423,1108,2423,mẫu.
690,2461,789,2461,789,2509,690,2509,Điều
798,2474,838,2474,838,2513,798,2513,4.
848,2472,928,2472,928,2509,848,2509,Các
939,2473,1082,2473,1082,2517,939,2517,trường
1092,2472,1172,2472,1172,2517,1092,2517,hợp
1184,2472,1286,2472,1286,2516,1184,2516,đăng
1297,2469,1346,2469,1346,2516,1297,2516,ký
697,2562,711,2562,711,2596,697,2596,1
715,2557,730,2557,730,2595,715,2595,.
741,2561,816,2561,816,2597,741,2597,Các
825,2555,911,2555,911,2598,825,2598,biện
918,2559,1013,2559,1013,2605,918,2605,pháp
1025,2559,1093,2559,1093,2595,1025,2595,bảo
1106,2559,1189,2559,1189,2594,1106,2594,đảm
1200,2569,1265,2569,1265,2595,1200,2595,sau
1274,2558,1344,2558,1344,2603,1274,2603,đây
1354,2557,1436,2557,1436,2603,1354,2603,phải
1448,2558,1542,2558,1542,2602,1448,2602,đăng
1551,2554,1613,2554,1613,2602,1551,2602,ký:
694,2644,730,2644,730,2690,694,2690,a)
741,2640,818,2640,818,2685,741,2685,Thế
828,2637,918,2637,918,2693,828,2693,chấp
930,2637,1047,2637,1047,2693,930,2693,quyền
1057,2645,1106,2645,1106,2682,1057,2682,sử
1114,2645,1211,2645,1211,2692,1114,2692,dụng
1222,2635,1291,2635,1291,2689,1222,2689,đất;
693,2733,733,2733,733,2779,693,2779,b)
746,2725,825,2725,825,2770,746,2770,Thế
835,2725,925,2725,925,2781,835,2781,chấp
938,2733,986,2733,986,2769,938,2769,tài
1001,2734,1064,2734,1064,2769,1001,2769,sản
1078,2724,1148,2724,1148,2780,1078,2780,gắn
1161,2723,1234,2723,1234,2770,1161,2770,liền
1245,2731,1309,2731,1309,2769,1245,2769,với
1322,2723,1380,2723,1380,2769,1322,2769,đất
1392,2738,1494,2738,1494,2777,1392,2777,trong
1506,2732,1636,2732,1636,2776,1506,2776,trường
1648,2730,1724,2730,1724,2776,1648,2776,hợp
1736,2732,1785,2732,1785,2770,1736,2770,tài
1798,2731,1862,2731,1862,2767,1798,2767,sản
1875,2731,1922,2731,1922,2767,1875,2767,đó
1936,2731,1981,2731,1981,2767,1936,2767,đã
1992,2730,2089,2730,2089,2774,1992,2774,được
598,2790,716,2790,716,2836,598,2836,chứng
728,2788,823,2788,823,2832,728,2832,nhận
834,2780,952,2780,952,2834,834,2834,quyền
965,2789,1010,2789,1010,2824,965,2824,sở
1019,2788,1098,2788,1098,2824,1019,2824,hữu
1107,2788,1184,2788,1184,2823,1107,2823,trên
1195,2779,1289,2779,1289,2833,1195,2833,giấy
1301,2787,1420,2787,1420,2833,1301,2833,chứng
1431,2786,1527,2786,1527,2828,1431,2828,nhận
1538,2777,1657,2777,1657,2833,1538,2833,quyền
1669,2784,1715,2784,1715,2821,1669,2821,sử
1727,2785,1823,2785,1823,2830,1727,2830,dụng
1835,2774,1905,2774,1905,2831,1835,2831,đất,
1917,2775,2030,2775,2030,2830,1917,2830,quyền
2043,2782,2090,2782,2090,2823,2043,2823,sở
597,2844,673,2844,673,2881,597,2881,hữu
682,2843,753,2843,753,2880,682,2880,nhà
764,2843,790,2843,790,2879,764,2879,ở
800,2843,849,2843,849,2878,800,2878,và
856,2841,905,2841,905,2880,856,2880,tài
917,2842,981,2842,981,2878,917,2878,sản
990,2842,1083,2842,1083,2878,990,2878,khác
1094,2838,1164,2838,1164,2888,1094,2888,gắn
1174,2833,1248,2833,1248,2877,1174,2877,liền
1258,2840,1320,2840,1320,2877,1258,2877,với
1332,2831,1401,2831,1401,2883,1332,2883,đất;
695,2928,731,2928,731,2975,695,2975,c)
743,2918,836,2918,836,2966,743,2966,Cầm
844,2920,890,2920,890,2965,844,2965,cố
899,2928,962,2928,962,2965,899,2965,tàu
970,2928,1054,2928,1054,2975,970,2975,bay,
1062,2919,1125,2919,1125,2964,1062,2964,thế
1135,2919,1225,2919,1225,2974,1135,2974,chấp
1235,2927,1297,2927,1297,2964,1235,2964,tàu
1306,2927,1385,2927,1385,2973,1306,2973,bay;
695,3017,734,3017,734,3064,695,3064,d)
746,3007,825,3007,825,3054,746,3054,Thế
832,3006,922,3006,922,3061,832,3061,chấp
932,3016,993,3016,993,3051,932,3051,tàu
1003,3007,1098,3007,1098,3052,1003,3052,biển.
